6.000000 	 0.000000
5.999665 	 0.019391
5.998661 	 0.038771
5.996988 	 0.058131
5.994647 	 0.077459
5.991637 	 0.096746
5.987961 	 0.115981
5.983618 	 0.135154
5.978611 	 0.154254
5.972940 	 0.173271
5.966607 	 0.192195
5.959615 	 0.211015
5.951964 	 0.229722
5.943657 	 0.248305
5.934696 	 0.266754
5.925084 	 0.285059
5.914824 	 0.303209
5.903918 	 0.321196
5.892369 	 0.339008
5.880181 	 0.356636
5.867357 	 0.374071
5.853900 	 0.391301
5.839815 	 0.408318
5.825105 	 0.425112
5.809774 	 0.441674
5.793827 	 0.457993
5.777267 	 0.474061
5.760101 	 0.489867
5.742331 	 0.505403
5.723964 	 0.520660
5.705004 	 0.535628
5.685457 	 0.550299
5.665328 	 0.564663
5.644623 	 0.578711
5.623346 	 0.592436
5.601506 	 0.605828
5.579106 	 0.618878
5.556154 	 0.631579
5.532656 	 0.643921
5.508619 	 0.655898
5.484048 	 0.667500
5.458952 	 0.678720
5.433336 	 0.689550
5.407208 	 0.699981
5.380575 	 0.710008
5.353445 	 0.719621
5.325824 	 0.728814
5.297721 	 0.737579
5.269144 	 0.745910
5.240100 	 0.753799
5.210596 	 0.761240
5.180643 	 0.768225
5.150247 	 0.774749
5.119417 	 0.780805
5.088161 	 0.786387
5.056488 	 0.791489
5.024407 	 0.796104
4.991927 	 0.800227
4.959056 	 0.803852
4.925804 	 0.806974
4.892179 	 0.809587
4.858192 	 0.811687
4.823850 	 0.813268
4.789164 	 0.814325
4.754143 	 0.814855
4.718796 	 0.814851
4.683134 	 0.814310
4.647166 	 0.813228
4.610902 	 0.811601
4.574351 	 0.809424
4.537524 	 0.806695
4.500430 	 0.803409
4.463081 	 0.799564
4.425485 	 0.795155
4.387653 	 0.790181
4.349596 	 0.784639
4.311324 	 0.778525
4.272846 	 0.771837
4.234174 	 0.764574
4.195318 	 0.756733
4.156288 	 0.748312
4.117095 	 0.739309
4.077750 	 0.729723
4.038262 	 0.719552
3.998643 	 0.708796
3.958904 	 0.697454
3.919055 	 0.685524
3.879106 	 0.673005
3.839069 	 0.659899
3.798953 	 0.646203
3.758770 	 0.631919
3.718531 	 0.617047
3.678246 	 0.601586
3.637926 	 0.585537
3.597582 	 0.568901
3.557223 	 0.551678
3.516862 	 0.533871
3.476508 	 0.515479
3.436173 	 0.496505
3.395866 	 0.476950
3.355600 	 0.456816
3.315383 	 0.436105
3.275226 	 0.414818
3.235141 	 0.392959
3.195138 	 0.370530
3.155226 	 0.347533
3.115417 	 0.323971
3.075721 	 0.299848
3.036148 	 0.275166
2.996708 	 0.249930
2.957411 	 0.224142
2.918269 	 0.197807
2.879289 	 0.170928
2.840484 	 0.143510
2.801862 	 0.115556
2.763433 	 0.087071
2.725208 	 0.058061
2.687195 	 0.028528
2.649405 	 -0.001520
2.611847 	 -0.032080
2.574531 	 -0.063146
2.537465 	 -0.094712
2.500659 	 -0.126774
2.464123 	 -0.159325
2.427865 	 -0.192359
2.391894 	 -0.225870
2.356220 	 -0.259852
2.320850 	 -0.294299
2.285795 	 -0.329204
2.251061 	 -0.364561
2.216658 	 -0.400362
2.182594 	 -0.436600
2.148876 	 -0.473269
2.115515 	 -0.510362
2.082516 	 -0.547870
2.049888 	 -0.585786
2.017639 	 -0.624104
1.985776 	 -0.662814
1.954307 	 -0.701909
1.923239 	 -0.741381
1.892579 	 -0.781222
1.862334 	 -0.821424
1.832511 	 -0.861977
1.803117 	 -0.902874
1.774158 	 -0.944107
1.745642 	 -0.985665
1.717573 	 -1.027541
1.689959 	 -1.069725
1.662805 	 -1.112208
1.636117 	 -1.154981
1.609900 	 -1.198036
1.584162 	 -1.241362
1.558905 	 -1.284950
1.534137 	 -1.328791
1.509862 	 -1.372874
1.486084 	 -1.417191
1.462809 	 -1.461731
1.440042 	 -1.506485
1.417785 	 -1.551442
1.396044 	 -1.596593
1.374823 	 -1.641928
1.354125 	 -1.687436
1.333955 	 -1.733107
1.314315 	 -1.778931
1.295210 	 -1.824898
1.276641 	 -1.870996
1.258613 	 -1.917217
1.241128 	 -1.963548
1.224188 	 -2.009981
1.207796 	 -2.056504
1.191955 	 -2.103106
1.176666 	 -2.149777
1.161932 	 -2.196506
1.147753 	 -2.243283
1.134132 	 -2.290097
1.121070 	 -2.336937
1.108568 	 -2.383792
1.096627 	 -2.430652
1.085248 	 -2.477505
1.074432 	 -2.524342
1.064178 	 -2.571150
1.054487 	 -2.617920
1.045360 	 -2.664641
1.036795 	 -2.711301
1.028794 	 -2.757890
1.021354 	 -2.804397
1.014476 	 -2.850811
1.008159 	 -2.897122
1.002402 	 -2.943319
0.997203 	 -2.989391
0.992561 	 -3.035328
0.988474 	 -3.081118
0.984941 	 -3.126751
0.981959 	 -3.172217
0.979528 	 -3.217505
0.977643 	 -3.262605
0.976303 	 -3.307505
0.975505 	 -3.352196
0.975246 	 -3.396667
0.975523 	 -3.440909
0.976334 	 -3.484910
0.977673 	 -3.528660
0.979539 	 -3.572150
0.981927 	 -3.615369
0.984833 	 -3.658308
0.988254 	 -3.700955
0.992184 	 -3.743303
0.996620 	 -3.785340
1.001558 	 -3.827058
1.006991 	 -3.868446
1.012916 	 -3.909495
1.019327 	 -3.950195
1.026219 	 -3.990538
1.033587 	 -4.030514
1.041425 	 -4.070114
1.049727 	 -4.109329
1.058488 	 -4.148150
1.067702 	 -4.186568
1.077362 	 -4.224574
1.087463 	 -4.262161
1.097997 	 -4.299319
1.108958 	 -4.336040
1.120339 	 -4.372316
1.132134 	 -4.408138
1.144336 	 -4.443499
1.156937 	 -4.478391
1.169930 	 -4.512807
1.183308 	 -4.546737
1.197063 	 -4.580176
1.211187 	 -4.613116
1.225673 	 -4.645549
1.240513 	 -4.677468
1.255699 	 -4.708867
1.271223 	 -4.739739
1.287075 	 -4.770077
1.303249 	 -4.799875
1.319736 	 -4.829126
1.336526 	 -4.857824
1.353612 	 -4.885964
1.370984 	 -4.913539
1.388634 	 -4.940544
1.406553 	 -4.966972
1.424731 	 -4.992820
1.443160 	 -5.018081
1.461830 	 -5.042751
1.480732 	 -5.066824
1.499856 	 -5.090296
1.519193 	 -5.113162
1.538734 	 -5.135419
1.558469 	 -5.157061
1.578387 	 -5.178085
1.598480 	 -5.198487
1.618738 	 -5.218263
1.639150 	 -5.237410
1.659706 	 -5.255924
1.680398 	 -5.273803
1.701214 	 -5.291043
1.722144 	 -5.307641
1.743179 	 -5.323595
1.764308 	 -5.338902
1.785521 	 -5.353561
1.806808 	 -5.367569
1.828158 	 -5.380924
1.849562 	 -5.393625
1.871008 	 -5.405670
1.892486 	 -5.417057
1.913986 	 -5.427786
1.935498 	 -5.437856
1.957012 	 -5.447265
1.978516 	 -5.456014
2.000000 	 -5.464102
2.021454 	 -5.471528
2.042868 	 -5.478293
2.064231 	 -5.484397
2.085532 	 -5.489840
2.106762 	 -5.494622
2.127909 	 -5.498745
2.148964 	 -5.502210
2.169916 	 -5.505017
2.190755 	 -5.507167
2.211470 	 -5.508663
2.232052 	 -5.509505
2.252489 	 -5.509696
2.272772 	 -5.509238
2.292891 	 -5.508132
2.312835 	 -5.506382
2.332594 	 -5.503990
2.352159 	 -5.500958
2.371519 	 -5.497289
2.390664 	 -5.492987
2.409585 	 -5.488055
2.428271 	 -5.482496
2.446713 	 -5.476314
2.464902 	 -5.469512
2.482827 	 -5.462095
2.500479 	 -5.454067
2.517849 	 -5.445432
2.534928 	 -5.436195
2.551705 	 -5.426360
2.568172 	 -5.415931
2.584319 	 -5.404915
2.600138 	 -5.393316
2.615620 	 -5.381140
2.630755 	 -5.368391
2.645536 	 -5.355076
2.659952 	 -5.341200
2.673997 	 -5.326769
2.687661 	 -5.311790
2.700936 	 -5.296269
2.713814 	 -5.280211
2.726286 	 -5.263624
2.738345 	 -5.246514
2.749983 	 -5.228888
2.761193 	 -5.210753
2.771965 	 -5.192116
2.782294 	 -5.172984
2.792171 	 -5.153365
2.801590 	 -5.133266
2.810543 	 -5.112695
2.819024 	 -5.091660
2.827025 	 -5.070168
2.834539 	 -5.048227
2.841561 	 -5.025846
2.848084 	 -5.003033
2.854102 	 -4.979797
2.859608 	 -4.956144
2.864597 	 -4.932086
2.869062 	 -4.907629
2.872999 	 -4.882782
2.876401 	 -4.857556
2.879264 	 -4.831958
2.881581 	 -4.805998
2.883349 	 -4.779685
2.884562 	 -4.753028
2.885216 	 -4.726036
2.885306 	 -4.698720
2.884828 	 -4.671088
2.883777 	 -4.643151
2.882149 	 -4.614917
2.879942 	 -4.586397
2.877150 	 -4.557600
2.873771 	 -4.528537
2.869801 	 -4.499217
2.865237 	 -4.469650
2.860076 	 -4.439847
2.854315 	 -4.409818
2.847952 	 -4.379572
2.840984 	 -4.349120
2.833410 	 -4.318473
2.825226 	 -4.287640
2.816431 	 -4.256632
2.807023 	 -4.225459
2.797002 	 -4.194133
2.786364 	 -4.162662
2.775110 	 -4.131059
2.763238 	 -4.099333
2.750748 	 -4.067494
2.737639 	 -4.035554
2.723910 	 -4.003524
2.709561 	 -3.971412
2.694593 	 -3.939231
2.679005 	 -3.906991
2.662797 	 -3.874701
2.645971 	 -3.842374
2.628526 	 -3.810020
2.610465 	 -3.777648
2.591787 	 -3.745270
2.572494 	 -3.712896
2.552587 	 -3.680537
2.532069 	 -3.648203
2.510941 	 -3.615905
2.489204 	 -3.583653
2.466862 	 -3.551458
2.443916 	 -3.519330
2.420369 	 -3.487279
2.396223 	 -3.455315
2.371482 	 -3.423450
2.346149 	 -3.391693
2.320227 	 -3.360054
2.293719 	 -3.328543
2.266629 	 -3.297171
2.238960 	 -3.265947
2.210718 	 -3.234882
2.181905 	 -3.203985
2.152526 	 -3.173266
2.122585 	 -3.142735
2.092088 	 -3.112402
2.061039 	 -3.082275
2.029443 	 -3.052365
1.997305 	 -3.022681
1.964630 	 -2.993233
1.931424 	 -2.964029
1.897693 	 -2.935078
1.863442 	 -2.906390
1.828678 	 -2.877974
1.793406 	 -2.849839
1.757632 	 -2.821993
1.721363 	 -2.794445
1.684606 	 -2.767203
1.647368 	 -2.740276
1.609654 	 -2.713673
1.571473 	 -2.687401
1.532831 	 -2.661468
1.493735 	 -2.635883
1.454194 	 -2.610653
1.414214 	 -2.585786
1.373803 	 -2.561290
1.332969 	 -2.537172
1.291720 	 -2.513440
1.250064 	 -2.490099
1.208010 	 -2.467159
1.165565 	 -2.444625
1.122738 	 -2.422504
1.079538 	 -2.400804
1.035973 	 -2.379529
0.992051 	 -2.358688
0.947783 	 -2.338285
0.903177 	 -2.318327
0.858241 	 -2.298820
0.812986 	 -2.279770
0.767421 	 -2.261182
0.721554 	 -2.243061
0.675396 	 -2.225413
0.628955 	 -2.208243
0.582242 	 -2.191556
0.535267 	 -2.175356
0.488039 	 -2.159649
0.440567 	 -2.144438
0.392863 	 -2.129728
0.344936 	 -2.115522
0.296797 	 -2.101826
0.248455 	 -2.088642
0.199920 	 -2.075975
0.151204 	 -2.063826
0.102316 	 -2.052201
0.053266 	 -2.041102
0.004067 	 -2.030531
-0.045274 	 -2.020492
-0.094743 	 -2.010986
-0.144332 	 -2.002017
-0.194029 	 -1.993586
-0.243823 	 -1.985696
-0.293705 	 -1.978347
-0.343663 	 -1.971543
-0.393686 	 -1.965283
-0.443764 	 -1.959570
-0.493885 	 -1.954404
-0.544040 	 -1.949787
-0.594216 	 -1.945719
-0.644404 	 -1.942200
-0.694593 	 -1.939231
-0.744771 	 -1.936812
-0.794927 	 -1.934943
-0.845052 	 -1.933624
-0.895133 	 -1.932853
-0.945161 	 -1.932632
-0.995123 	 -1.932958
-1.045011 	 -1.933831
-1.094812 	 -1.935250
-1.144516 	 -1.937214
-1.194112 	 -1.939720
-1.243589 	 -1.942767
-1.292938 	 -1.946354
-1.342146 	 -1.950478
-1.391205 	 -1.955137
-1.440102 	 -1.960328
-1.488827 	 -1.966049
-1.537371 	 -1.972297
-1.585722 	 -1.979070
-1.633870 	 -1.986363
-1.681805 	 -1.994175
-1.729517 	 -2.002500
-1.776995 	 -2.011336
-1.824229 	 -2.020679
-1.871210 	 -2.030524
-1.917927 	 -2.040868
-1.964370 	 -2.051706
-2.010530 	 -2.063034
-2.056397 	 -2.074846
-2.101961 	 -2.087139
-2.147213 	 -2.099907
-2.192143 	 -2.113145
-2.236741 	 -2.126848
-2.280999 	 -2.141009
-2.324907 	 -2.155625
-2.368457 	 -2.170687
-2.411638 	 -2.186192
-2.454443 	 -2.202132
-2.496863 	 -2.218502
-2.538888 	 -2.235295
-2.580511 	 -2.252504
-2.621723 	 -2.270123
-2.662515 	 -2.288144
-2.702880 	 -2.306562
-2.742809 	 -2.325369
-2.782294 	 -2.344557
-2.821328 	 -2.364119
-2.859903 	 -2.384049
-2.898012 	 -2.404337
-2.935646 	 -2.424976
-2.972800 	 -2.445960
-3.009465 	 -2.467278
-3.045634 	 -2.488924
-3.081302 	 -2.510889
-3.116460 	 -2.533165
-3.151104 	 -2.555743
-3.185225 	 -2.578615
-3.218818 	 -2.601772
-3.251877 	 -2.625205
-3.284397 	 -2.648905
-3.316370 	 -2.672864
-3.347792 	 -2.697073
-3.378657 	 -2.721521
-3.408960 	 -2.746201
-3.438695 	 -2.771102
-3.467858 	 -2.796215
-3.496445 	 -2.821531
-3.524449 	 -2.847040
-3.551868 	 -2.872733
-3.578696 	 -2.898599
-3.604930 	 -2.924629
-3.630565 	 -2.950814
-3.655598 	 -2.977142
-3.680025 	 -3.003605
-3.703843 	 -3.030192
-3.727048 	 -3.056892
-3.749638 	 -3.083697
-3.771610 	 -3.110596
-3.792961 	 -3.137578
-3.813688 	 -3.164633
-3.833790 	 -3.191751
-3.853263 	 -3.218921
-3.872106 	 -3.246134
-3.890318 	 -3.273379
-3.907896 	 -3.300645
-3.924840 	 -3.327921
-3.941147 	 -3.355199
-3.956818 	 -3.382466
-3.971851 	 -3.409712
-3.986245 	 -3.436928
-4.000000 	 -3.464102
-4.013116 	 -3.491223
-4.025592 	 -3.518283
-4.037429 	 -3.545269
-4.048627 	 -3.572171
-4.059187 	 -3.598979
-4.069108 	 -3.625683
-4.078393 	 -3.652271
-4.087041 	 -3.678734
-4.095054 	 -3.705061
-4.102433 	 -3.731242
-4.109181 	 -3.757266
-4.115298 	 -3.783123
-4.120787 	 -3.808803
-4.125649 	 -3.834295
-4.129888 	 -3.859589
-4.133505 	 -3.884676
-4.136503 	 -3.909544
-4.138885 	 -3.934184
-4.140654 	 -3.958586
-4.141813 	 -3.982740
-4.142365 	 -4.006636
-4.142315 	 -4.030264
-4.141665 	 -4.053615
-4.140420 	 -4.076678
-4.138584 	 -4.099445
-4.136160 	 -4.121905
-4.133154 	 -4.144049
-4.129570 	 -4.165868
-4.125412 	 -4.187352
-4.120685 	 -4.208493
-4.115395 	 -4.229280
-4.109547 	 -4.249706
-4.103145 	 -4.269761
-4.096197 	 -4.289437
-4.088706 	 -4.308724
-4.080680 	 -4.327614
-4.072124 	 -4.346098
-4.063044 	 -4.364169
-4.053446 	 -4.381817
-4.043337 	 -4.399035
-4.032724 	 -4.415814
-4.021614 	 -4.432148
-4.010012 	 -4.448027
-3.997926 	 -4.463444
-3.985364 	 -4.478391
-3.972332 	 -4.492862
-3.958838 	 -4.506849
-3.944890 	 -4.520344
-3.930495 	 -4.533341
-3.915661 	 -4.545832
-3.900395 	 -4.557812
-3.884707 	 -4.569273
-3.868603 	 -4.580209
-3.852093 	 -4.590613
-3.835184 	 -4.600480
-3.817886 	 -4.609803
-3.800206 	 -4.618577
-3.782154 	 -4.626796
-3.763738 	 -4.634454
-3.744967 	 -4.641545
-3.725850 	 -4.648066
-3.706396 	 -4.654010
-3.686614 	 -4.659372
-3.666515 	 -4.664149
-3.646106 	 -4.668335
-3.625398 	 -4.671925
-3.604399 	 -4.674917
-3.583120 	 -4.677304
-3.561570 	 -4.679085
-3.539759 	 -4.680255
-3.517697 	 -4.680810
-3.495393 	 -4.680747
-3.472858 	 -4.680062
-3.450101 	 -4.678754
-3.427133 	 -4.676818
-3.403963 	 -4.674253
-3.380602 	 -4.671055
-3.357059 	 -4.667223
-3.333346 	 -4.662754
-3.309472 	 -4.657647
-3.285448 	 -4.651899
-3.261284 	 -4.645509
-3.236990 	 -4.638476
-3.212577 	 -4.630798
-3.188055 	 -4.622475
-3.163435 	 -4.613505
-3.138726 	 -4.603888
-3.113940 	 -4.593623
-3.089087 	 -4.582711
-3.064178 	 -4.571150
-3.039222 	 -4.558942
-3.014231 	 -4.546086
-2.989214 	 -4.532583
-2.964183 	 -4.518433
-2.939148 	 -4.503638
-2.914119 	 -4.488198
-2.889107 	 -4.472114
-2.864122 	 -4.455389
-2.839174 	 -4.438023
-2.814274 	 -4.420018
-2.789433 	 -4.401376
-2.764660 	 -4.382100
-2.739966 	 -4.362191
-2.715361 	 -4.341652
-2.690855 	 -4.320486
-2.666458 	 -4.298696
-2.642181 	 -4.276284
-2.618034 	 -4.253254
-2.594026 	 -4.229609
-2.570168 	 -4.205354
-2.546469 	 -4.180490
-2.522940 	 -4.155023
-2.499589 	 -4.128957
-2.476427 	 -4.102295
-2.453463 	 -4.075043
-2.430708 	 -4.047205
-2.408169 	 -4.018785
-2.385858 	 -3.989788
-2.363782 	 -3.960221
-2.341951 	 -3.930087
-2.320375 	 -3.899392
-2.299062 	 -3.868143
-2.278022 	 -3.836344
-2.257262 	 -3.804001
-2.236793 	 -3.771122
-2.216622 	 -3.737711
-2.196758 	 -3.703776
-2.177210 	 -3.669322
-2.157985 	 -3.634356
-2.139092 	 -3.598886
-2.120540 	 -3.562919
-2.102335 	 -3.526460
-2.084487 	 -3.489518
-2.067002 	 -3.452100
-2.049888 	 -3.414214
-2.033153 	 -3.375866
-2.016804 	 -3.337066
-2.000848 	 -3.297820
-1.985292 	 -3.258137
-1.970144 	 -3.218026
-1.955410 	 -3.177493
-1.941096 	 -3.136549
-1.927209 	 -3.095200
-1.913756 	 -3.053457
-1.900743 	 -3.011327
-1.888176 	 -2.968820
-1.876060 	 -2.925944
-1.864402 	 -2.882709
-1.853206 	 -2.839123
-1.842480 	 -2.795197
-1.832227 	 -2.750939
-1.822453 	 -2.706358
-1.813163 	 -2.661466
-1.804362 	 -2.616270
-1.796054 	 -2.570781
-1.788244 	 -2.525008
-1.780936 	 -2.478962
-1.774135 	 -2.432653
-1.767844 	 -2.386090
-1.762067 	 -2.339283
-1.756807 	 -2.292243
-1.752069 	 -2.244981
-1.747855 	 -2.197505
-1.744169 	 -2.149827
-1.741013 	 -2.101957
-1.738390 	 -2.053906
-1.736303 	 -2.005683
-1.734755 	 -1.957300
-1.733746 	 -1.908768
-1.733280 	 -1.860096
-1.733359 	 -1.811295
-1.733983 	 -1.762377
-1.735155 	 -1.713352
-1.736875 	 -1.664230
-1.739145 	 -1.615022
-1.741966 	 -1.565740
-1.745339 	 -1.516394
-1.749264 	 -1.466995
-1.753741 	 -1.417553
-1.758770 	 -1.368081
-1.764353 	 -1.318587
-1.770488 	 -1.269084
-1.777175 	 -1.219582
-1.784414 	 -1.170092
-1.792203 	 -1.120624
-1.800543 	 -1.071191
-1.809431 	 -1.021801
-1.818867 	 -0.972467
-1.828849 	 -0.923199
-1.839376 	 -0.874008
-1.850445 	 -0.824904
-1.862055 	 -0.775898
-1.874204 	 -0.727001
-1.886888 	 -0.678223
-1.900106 	 -0.629575
-1.913855 	 -0.581067
-1.928132 	 -0.532711
-1.942934 	 -0.484515
-1.958257 	 -0.436492
-1.974098 	 -0.388650
-1.990454 	 -0.341001
-2.007321 	 -0.293554
-2.024694 	 -0.246319
-2.042570 	 -0.199307
-2.060944 	 -0.152528
-2.079812 	 -0.105991
-2.099170 	 -0.059707
-2.119012 	 -0.013684
-2.139333 	 0.032067
-2.160129 	 0.077537
-2.181393 	 0.122715
-2.203122 	 0.167594
-2.225308 	 0.212164
-2.247947 	 0.256414
-2.271031 	 0.300337
-2.294556 	 0.343924
-2.318515 	 0.387165
-2.342902 	 0.430051
-2.367710 	 0.472574
-2.392932 	 0.514726
-2.418562 	 0.556498
-2.444593 	 0.597882
-2.471017 	 0.638869
-2.497828 	 0.679451
-2.525017 	 0.719621
-2.552579 	 0.759370
-2.580504 	 0.798692
-2.608785 	 0.837578
-2.637414 	 0.876021
-2.666384 	 0.914014
-2.695686 	 0.951549
-2.725312 	 0.988620
-2.755253 	 1.025220
-2.785502 	 1.061342
-2.816049 	 1.096979
-2.846886 	 1.132125
-2.878003 	 1.166775
-2.909393 	 1.200921
-2.941046 	 1.234557
-2.972953 	 1.267679
-3.005105 	 1.300280
-3.037493 	 1.332355
-3.070107 	 1.363899
-3.102937 	 1.394906
-3.135975 	 1.425372
-3.169210 	 1.455291
-3.202633 	 1.484660
-3.236234 	 1.513473
-3.270004 	 1.541726
-3.303931 	 1.569416
-3.338008 	 1.596537
-3.372222 	 1.623087
-3.406565 	 1.649062
-3.441026 	 1.674458
-3.475595 	 1.699272
-3.510261 	 1.723502
-3.545014 	 1.747143
-3.579845 	 1.770194
-3.614742 	 1.792652
-3.649695 	 1.814514
-3.684694 	 1.835779
-3.719728 	 1.856444
-3.754787 	 1.876507
-3.789860 	 1.895968
-3.824936 	 1.914824
-3.860006 	 1.933074
-3.895057 	 1.950718
-3.930081 	 1.967754
-3.965065 	 1.984181
-4.000000 	 2.000000
-4.034875 	 2.015209
-4.069679 	 2.029809
-4.104401 	 2.043800
-4.139032 	 2.057182
-4.173559 	 2.069955
-4.207974 	 2.082120
-4.242265 	 2.093677
-4.276421 	 2.104629
-4.310432 	 2.114975
-4.344288 	 2.124717
-4.377978 	 2.133857
-4.411492 	 2.142396
-4.444819 	 2.150337
-4.477948 	 2.157681
-4.510871 	 2.164431
-4.543575 	 2.170589
-4.576052 	 2.176157
-4.608290 	 2.181139
-4.640280 	 2.185537
-4.672012 	 2.189355
-4.703475 	 2.192596
-4.734661 	 2.195263
-4.765557 	 2.197360
-4.796156 	 2.198890
-4.826448 	 2.199859
-4.856422 	 2.200270
-4.886069 	 2.200127
-4.915379 	 2.199435
-4.944344 	 2.198198
-4.972953 	 2.196422
-5.001199 	 2.194112
-5.029070 	 2.191272
-5.056559 	 2.187908
-5.083657 	 2.184025
-5.110354 	 2.179629
-5.136643 	 2.174726
-5.162513 	 2.169322
-5.187958 	 2.163423
-5.212968 	 2.157035
-5.237535 	 2.150164
-5.261651 	 2.142817
-5.285307 	 2.135001
-5.308497 	 2.126723
-5.331212 	 2.117989
-5.353445 	 2.108806
-5.375187 	 2.099183
-5.396432 	 2.089125
-5.417172 	 2.078641
-5.437401 	 2.067738
-5.457110 	 2.056424
-5.476294 	 2.044707
-5.494945 	 2.032595
-5.513058 	 2.020096
-5.530624 	 2.007217
-5.547640 	 1.993968
-5.564097 	 1.980357
-5.579990 	 1.966393
-5.595314 	 1.952083
-5.610063 	 1.937437
-5.624230 	 1.922463
-5.637812 	 1.907172
-5.650802 	 1.891570
-5.663196 	 1.875669
-5.674989 	 1.859476
-5.686175 	 1.843001
-5.696752 	 1.826254
-5.706713 	 1.809244
-5.716056 	 1.791980
-5.724776 	 1.774473
-5.732869 	 1.756731
-5.740331 	 1.738764
-5.747160 	 1.720583
-5.753351 	 1.702198
-5.758902 	 1.683617
-5.763810 	 1.664851
-5.768071 	 1.645910
-5.771684 	 1.626805
-5.774646 	 1.607545
-5.776954 	 1.588140
-5.778607 	 1.568600
-5.779603 	 1.548937
-5.779940 	 1.529160
-5.779616 	 1.509279
-5.778630 	 1.489304
-5.776982 	 1.469247
-5.774670 	 1.449118
-5.771693 	 1.428926
-5.768051 	 1.408682
-5.763744 	 1.388397
-5.758770 	 1.368081
-5.753132 	 1.347744
-5.746827 	 1.327397
-5.739857 	 1.307050
-5.732223 	 1.286714
-5.723924 	 1.266399
-5.714963 	 1.246116
-5.705339 	 1.225874
-5.695055 	 1.205685
-5.684112 	 1.185557
-5.672511 	 1.165503
-5.660255 	 1.145532
-5.647345 	 1.125654
-5.633784 	 1.105879
-5.619573 	 1.086218
-5.604716 	 1.066681
-5.589215 	 1.047278
-5.573074 	 1.028018
-5.556295 	 1.008913
-5.538881 	 0.989971
-5.520837 	 0.971203
-5.502165 	 0.952618
-5.482870 	 0.934226
-5.462956 	 0.916038
-5.442426 	 0.898062
-5.421285 	 0.880308
-5.399538 	 0.862785
-5.377189 	 0.845504
-5.354243 	 0.828472
-5.330706 	 0.811700
-5.306581 	 0.795197
-5.281876 	 0.778971
-5.256594 	 0.763032
-5.230742 	 0.747388
-5.204326 	 0.732048
-5.177351 	 0.717021
-5.149824 	 0.702316
-5.121751 	 0.687940
-5.093139 	 0.673903
-5.063994 	 0.660212
-5.034322 	 0.646875
-5.004131 	 0.633901
-4.973427 	 0.621298
-4.942219 	 0.609072
-4.910512 	 0.597233
-4.878315 	 0.585786
-4.845635 	 0.574741
-4.812480 	 0.564103
-4.778858 	 0.553881
-4.744776 	 0.544080
-4.710243 	 0.534709
-4.675267 	 0.525773
-4.639855 	 0.517279
-4.604018 	 0.509233
-4.567763 	 0.501643
-4.531099 	 0.494514
-4.494034 	 0.487851
-4.456578 	 0.481661
-4.418739 	 0.475950
-4.380527 	 0.470723
-4.341951 	 0.465985
-4.303020 	 0.461742
-4.263744 	 0.457998
-4.224131 	 0.454759
-4.184192 	 0.452028
-4.143937 	 0.449812
-4.103374 	 0.448114
-4.062514 	 0.446938
-4.021366 	 0.446288
-3.979941 	 0.446168
-3.938249 	 0.446583
-3.896299 	 0.447535
-3.854102 	 0.449028
-3.811668 	 0.451065
-3.769008 	 0.453649
-3.726131 	 0.456783
-3.683048 	 0.460469
-3.639770 	 0.464710
-3.596307 	 0.469509
-3.552669 	 0.474867
-3.508867 	 0.480787
-3.464912 	 0.487269
-3.420814 	 0.494316
-3.376584 	 0.501930
-3.332233 	 0.510110
-3.287771 	 0.518859
-3.243209 	 0.528177
-3.198558 	 0.538065
-3.153829 	 0.548523
-3.109032 	 0.559551
-3.064178 	 0.571150
-3.019278 	 0.583320
-2.974342 	 0.596060
-2.929382 	 0.609370
-2.884409 	 0.623249
-2.839432 	 0.637696
-2.794463 	 0.652711
-2.749513 	 0.668291
-2.704592 	 0.684437
-2.659710 	 0.701146
-2.614880 	 0.718416
-2.570110 	 0.736246
-2.525413 	 0.754633
-2.480797 	 0.773575
-2.436275 	 0.793070
-2.391856 	 0.813115
-2.347552 	 0.833707
-2.303371 	 0.854843
-2.259325 	 0.876520
-2.215424 	 0.898735
-2.171679 	 0.921484
-2.128098 	 0.944763
-2.084694 	 0.968569
-2.041475 	 0.992897
-1.998451 	 1.017743
-1.955633 	 1.043103
-1.913030 	 1.068973
-1.870652 	 1.095346
-1.828510 	 1.122219
-1.786611 	 1.149587
-1.744967 	 1.177444
-1.703585 	 1.205784
-1.662477 	 1.234603
-1.621650 	 1.263895
-1.581114 	 1.293653
-1.540879 	 1.323872
-1.500952 	 1.354545
-1.461343 	 1.385667
-1.422061 	 1.417230
-1.383114 	 1.449228
-1.344510 	 1.481655
-1.306259 	 1.514503
-1.268368 	 1.547765
-1.230845 	 1.581434
-1.193699 	 1.615503
-1.156937 	 1.649964
-1.120567 	 1.684810
-1.084597 	 1.720033
-1.049034 	 1.755625
-1.013886 	 1.791578
-0.979160 	 1.827884
-0.944862 	 1.864535
-0.911001 	 1.901523
-0.877582 	 1.938838
-0.844612 	 1.976473
-0.812098 	 2.014418
-0.780046 	 2.052665
-0.748463 	 2.091205
-0.717354 	 2.130029
-0.686726 	 2.169128
-0.656584 	 2.208493
-0.626933 	 2.248114
-0.597779 	 2.287982
-0.569128 	 2.328087
-0.540984 	 2.368420
-0.513353 	 2.408972
-0.486238 	 2.449732
-0.459646 	 2.490691
-0.433580 	 2.531838
-0.408044 	 2.573164
-0.383042 	 2.614660
-0.358579 	 2.656314
-0.334659 	 2.698116
-0.311284 	 2.740057
-0.288458 	 2.782126
-0.266184 	 2.824313
-0.244466 	 2.866607
-0.223306 	 2.908999
-0.202707 	 2.951476
-0.182672 	 2.994030
-0.163202 	 3.036649
-0.144300 	 3.079323
-0.125968 	 3.122042
-0.108208 	 3.164794
-0.091021 	 3.207569
-0.074408 	 3.250356
-0.058371 	 3.293145
-0.042911 	 3.335925
-0.028029 	 3.378685
-0.013725 	 3.421414
0.000000 	 3.464102
0.013146 	 3.506737
0.025713 	 3.549310
0.037700 	 3.591810
0.049109 	 3.634225
0.059939 	 3.676544
0.070191 	 3.718759
0.079867 	 3.760856
0.088966 	 3.802827
0.097490 	 3.844659
0.105441 	 3.886344
0.112821 	 3.927869
0.119629 	 3.969224
0.125870 	 4.010400
0.131544 	 4.051385
0.136655 	 4.092169
0.141204 	 4.132741
0.145194 	 4.173092
0.148628 	 4.213210
0.151510 	 4.253086
0.153841 	 4.292710
0.155626 	 4.332071
0.156868 	 4.371159
0.157570 	 4.409965
0.157737 	 4.448478
0.157373 	 4.486688
0.156481 	 4.524587
0.155066 	 4.562163
0.153134 	 4.599408
0.150687 	 4.636311
0.147732 	 4.672864
0.144273 	 4.709058
0.140315 	 4.744882
0.135864 	 4.780328
0.130925 	 4.815386
0.125505 	 4.850049
0.119608 	 4.884306
0.113240 	 4.918149
0.106409 	 4.951570
0.099119 	 4.984560
0.091378 	 5.017110
0.083192 	 5.049213
0.074567 	 5.080859
0.065511 	 5.112042
0.056031 	 5.142753
0.046133 	 5.172984
0.035825 	 5.202728
0.025114 	 5.231977
0.014008 	 5.260724
0.002513 	 5.288961
-0.009361 	 5.316682
-0.021607 	 5.343878
-0.034217 	 5.370545
-0.047183 	 5.396674
-0.060497 	 5.422260
-0.074151 	 5.447296
-0.088136 	 5.471775
-0.102443 	 5.495692
-0.117064 	 5.519040
-0.131990 	 5.541814
-0.147213 	 5.564009
-0.162723 	 5.585618
-0.178511 	 5.606637
-0.194568 	 5.627060
-0.210886 	 5.646882
-0.227454 	 5.666099
-0.244263 	 5.684706
-0.261305 	 5.702698
-0.278568 	 5.720071
-0.296045 	 5.736822
-0.313724 	 5.752945
-0.331597 	 5.768438
-0.349654 	 5.783296
-0.367884 	 5.797516
-0.386278 	 5.811096
-0.404825 	 5.824031
-0.423517 	 5.836319
-0.442342 	 5.847958
-0.461291 	 5.858944
-0.480353 	 5.869276
-0.499519 	 5.878951
-0.518778 	 5.887967
-0.538119 	 5.896323
-0.557533 	 5.904016
-0.577010 	 5.911046
-0.596538 	 5.917411
-0.616107 	 5.923110
-0.635708 	 5.928142
-0.655329 	 5.932506
-0.674961 	 5.936203
-0.694593 	 5.939231
-0.714214 	 5.941591
-0.733814 	 5.943282
-0.753384 	 5.944305
-0.772911 	 5.944661
-0.792387 	 5.944349
-0.811800 	 5.943371
-0.831140 	 5.941727
-0.850397 	 5.939419
-0.869561 	 5.936449
-0.888622 	 5.932817
-0.907568 	 5.928526
-0.926390 	 5.923577
-0.945078 	 5.917972
-0.963621 	 5.911714
-0.982010 	 5.904805
-1.000234 	 5.897248
-1.018283 	 5.889046
-1.036148 	 5.880201
-1.053818 	 5.870716
-1.071284 	 5.860596
-1.088535 	 5.849844
-1.105563 	 5.838463
-1.122357 	 5.826457
-1.138908 	 5.813830
-1.155206 	 5.800587
-1.171242 	 5.786732
-1.187007 	 5.772269
-1.202491 	 5.757204
-1.217685 	 5.741540
-1.232579 	 5.725283
-1.247166 	 5.708439
-1.261436 	 5.691013
-1.275379 	 5.673010
-1.288988 	 5.654435
-1.302254 	 5.635296
-1.315168 	 5.615597
-1.327722 	 5.595346
-1.339908 	 5.574547
-1.351717 	 5.553209
-1.363141 	 5.531337
-1.374172 	 5.508938
-1.384802 	 5.486019
-1.395024 	 5.462587
-1.404831 	 5.438650
-1.414214 	 5.414214
-1.423166 	 5.389287
-1.431680 	 5.363876
-1.439749 	 5.337990
-1.447365 	 5.311637
-1.454524 	 5.284823
-1.461216 	 5.257558
-1.467437 	 5.229849
-1.473179 	 5.201705
-1.478436 	 5.173134
-1.483203 	 5.144145
-1.487472 	 5.114746
-1.491240 	 5.084947
-1.494499 	 5.054755
-1.497245 	 5.024181
-1.499471 	 4.993233
-1.501174 	 4.961920
-1.502348 	 4.930252
-1.502987 	 4.898237
-1.503088 	 4.865886
-1.502646 	 4.833208
-1.501656 	 4.800213
-1.500115 	 4.766910
-1.498018 	 4.733308
-1.495361 	 4.699419
-1.492142 	 4.665251
-1.488355 	 4.630816
-1.483999 	 4.596122
-1.479070 	 4.561179
-1.473564 	 4.525999
-1.467480 	 4.490592
-1.460814 	 4.454966
-1.453564 	 4.419134
-1.445729 	 4.383105
-1.437305 	 4.346889
-1.428290 	 4.310498
-1.418684 	 4.273941
-1.408485 	 4.237230
-1.397691 	 4.200374
-1.386301 	 4.163384
-1.374314 	 4.126271
-1.361730 	 4.089045
-1.348547 	 4.051718
-1.334766 	 4.014299
-1.320386 	 3.976800
-1.305407 	 3.939231
-1.289830 	 3.901603
-1.273653 	 3.863926
-1.256879 	 3.826211
-1.239508 	 3.788469
-1.221540 	 3.750710
-1.202977 	 3.712945
-1.183820 	 3.675185
-1.164071 	 3.637440
-1.143730 	 3.599721
-1.122800 	 3.562039
-1.101283 	 3.524404
-1.079181 	 3.486826
-1.056496 	 3.449316
-1.033231 	 3.411884
-1.009388 	 3.374541
-0.984971 	 3.337298
-0.959982 	 3.300163
-0.934425 	 3.263149
-0.908304 	 3.226264
-0.881621 	 3.189520
-0.854380 	 3.152925
-0.826586 	 3.116491
-0.798243 	 3.080226
-0.769354 	 3.044142
-0.739925 	 3.008247
-0.709960 	 2.972552
-0.679464 	 2.937066
-0.648441 	 2.901799
-0.616897 	 2.866759
-0.584838 	 2.831958
-0.552268 	 2.797404
-0.519194 	 2.763105
-0.485620 	 2.729072
-0.451554 	 2.695314
-0.417000 	 2.661839
-0.381966 	 2.628656
-0.346458 	 2.595773
-0.310482 	 2.563201
-0.274044 	 2.530946
-0.237153 	 2.499017
-0.199815 	 2.467424
-0.162036 	 2.436173
-0.123825 	 2.405273
-0.085188 	 2.374732
-0.046133 	 2.344557
-0.006668 	 2.314757
0.033199 	 2.285338
0.073461 	 2.256308
0.114109 	 2.227675
0.155136 	 2.199446
0.196532 	 2.171627
0.238290 	 2.144226
0.280401 	 2.117248
0.322856 	 2.090701
0.365647 	 2.064592
0.408764 	 2.038925
0.452199 	 2.013709
0.495943 	 1.988947
0.539986 	 1.964647
0.584319 	 1.940814
0.628933 	 1.917453
0.673818 	 1.894569
0.718966 	 1.872169
0.764365 	 1.850256
0.810006 	 1.828836
0.855881 	 1.807914
0.901977 	 1.787493
0.948287 	 1.767578
0.994799 	 1.748174
1.041504 	 1.729284
1.088391 	 1.710913
1.135451 	 1.693063
1.182672 	 1.675739
1.230045 	 1.658943
1.277559 	 1.642679
1.325203 	 1.626950
1.372968 	 1.611758
1.420842 	 1.597106
1.468816 	 1.582996
1.516878 	 1.569432
1.565017 	 1.556414
1.613224 	 1.543944
1.661487 	 1.532025
1.709796 	 1.520658
1.758139 	 1.509844
1.806506 	 1.499583
1.854887 	 1.489879
1.903270 	 1.480730
1.951645 	 1.472137
2.000000 	 1.464102
2.048325 	 1.456623
2.096610 	 1.449702
2.144842 	 1.443338
2.193012 	 1.437530
2.241109 	 1.432278
2.289121 	 1.427582
2.337039 	 1.423440
2.384851 	 1.419852
2.432546 	 1.416816
2.480114 	 1.414330
2.527544 	 1.412394
2.574826 	 1.411005
2.621949 	 1.410161
2.668901 	 1.409860
2.715674 	 1.410100
2.762256 	 1.410878
2.808637 	 1.412191
2.854806 	 1.414037
2.900753 	 1.416413
2.946468 	 1.419315
2.991940 	 1.422740
3.037160 	 1.426684
3.082118 	 1.431143
3.126803 	 1.436114
3.171205 	 1.441593
3.215315 	 1.447574
3.259122 	 1.454055
3.302618 	 1.461030
3.345792 	 1.468494
3.388634 	 1.476442
3.431137 	 1.484870
3.473289 	 1.493772
3.515082 	 1.503142
3.556507 	 1.512976
3.597555 	 1.523267
3.638216 	 1.534009
3.678483 	 1.545197
3.718345 	 1.556824
3.757795 	 1.568884
3.796824 	 1.581371
3.835423 	 1.594277
3.873585 	 1.607597
3.911301 	 1.621322
3.948563 	 1.635447
3.985364 	 1.649964
4.021695 	 1.664866
4.057549 	 1.680145
4.092919 	 1.695793
4.127796 	 1.711804
4.162174 	 1.728168
4.196046 	 1.744879
4.229405 	 1.761929
4.262244 	 1.779308
4.294556 	 1.797009
4.326336 	 1.815023
4.357575 	 1.833342
4.388269 	 1.851958
4.418411 	 1.870861
4.447996 	 1.890043
4.477017 	 1.909495
4.505470 	 1.929207
4.533348 	 1.949171
4.560647 	 1.969378
4.587361 	 1.989818
4.613485 	 2.010482
4.639015 	 2.031361
4.663946 	 2.052445
4.688275 	 2.073724
4.711995 	 2.095188
4.735104 	 2.116829
4.757598 	 2.138636
4.779472 	 2.160599
4.800724 	 2.182709
4.821350 	 2.204956
4.841346 	 2.227328
4.860710 	 2.249818
4.879440 	 2.272413
4.897531 	 2.295105
4.914983 	 2.317882
4.931792 	 2.340735
4.947956 	 2.363653
4.963474 	 2.386627
4.978344 	 2.409645
4.992564 	 2.432698
5.006133 	 2.455774
5.019050 	 2.478864
5.031313 	 2.501957
5.042923 	 2.525043
5.053878 	 2.548111
5.064178 	 2.571150
5.073822 	 2.594152
5.082812 	 2.617103
5.091145 	 2.639996
5.098824 	 2.662818
5.105849 	 2.685560
5.112220 	 2.708211
5.117938 	 2.730761
5.123004 	 2.753199
5.127420 	 2.775515
5.131186 	 2.797699
5.134305 	 2.819740
5.136778 	 2.841628
5.138608 	 2.863353
5.139796 	 2.884904
5.140344 	 2.906272
5.140256 	 2.927447
5.139534 	 2.948418
5.138181 	 2.969175
5.136200 	 2.989709
5.133594 	 3.010009
5.130366 	 3.030065
5.126520 	 3.049869
5.122061 	 3.069410
5.116991 	 3.088678
5.111316 	 3.107664
5.105038 	 3.126359
5.098163 	 3.144753
5.090696 	 3.162836
5.082640 	 3.180600
5.074002 	 3.198036
5.064786 	 3.215134
5.054997 	 3.231885
5.044641 	 3.248281
5.033723 	 3.264312
5.022250 	 3.279971
5.010226 	 3.295248
4.997659 	 3.310135
4.984554 	 3.324623
4.970918 	 3.338705
4.956756 	 3.352373
4.942077 	 3.365617
4.926886 	 3.378432
4.911191 	 3.390807
4.894998 	 3.402737
4.878315 	 3.414214
4.861149 	 3.425229
4.843508 	 3.435776
4.825399 	 3.445849
4.806830 	 3.455438
4.787808 	 3.464539
4.768342 	 3.473144
4.748440 	 3.481247
4.728110 	 3.488841
4.707361 	 3.495920
4.686200 	 3.502478
4.664637 	 3.508509
4.642679 	 3.514007
4.620336 	 3.518966
4.597617 	 3.523382
4.574531 	 3.527248
4.551086 	 3.530559
4.527291 	 3.533310
4.503157 	 3.535498
4.478692 	 3.537116
4.453906 	 3.538160
4.428808 	 3.538626
4.403408 	 3.538510
4.377716 	 3.537807
4.351740 	 3.536515
4.325492 	 3.534628
4.298981 	 3.532144
4.272216 	 3.529060
4.245208 	 3.525371
4.217967 	 3.521076
4.190503 	 3.516171
4.162825 	 3.510653
4.134946 	 3.504521
4.106873 	 3.497772
4.078619 	 3.490404
4.050192 	 3.482415
4.021604 	 3.473803
3.992865 	 3.464567
3.963986 	 3.454705
3.934976 	 3.444217
3.905846 	 3.433100
3.876607 	 3.421355
3.847270 	 3.408981
3.817844 	 3.395978
3.788341 	 3.382344
3.758770 	 3.368081
3.729144 	 3.353187
3.699471 	 3.337665
3.669762 	 3.321513
3.640029 	 3.304733
3.610281 	 3.287325
3.580530 	 3.269291
3.550785 	 3.250632
3.521057 	 3.231350
3.491357 	 3.211445
3.461695 	 3.190919
3.432082 	 3.169776
3.402527 	 3.148016
3.373042 	 3.125643
3.343636 	 3.102658
3.314320 	 3.079065
3.285104 	 3.054865
3.255998 	 3.030064
3.227013 	 3.004662
3.198158 	 2.978665
3.169443 	 2.952076
3.140879 	 2.924898
3.112475 	 2.897135
3.084241 	 2.868791
3.056188 	 2.839872
3.028323 	 2.810380
3.000658 	 2.780322
2.973202 	 2.749701
2.945964 	 2.718522
2.918953 	 2.686792
2.892179 	 2.654514
2.865652 	 2.621695
2.839379 	 2.588341
2.813371 	 2.554456
2.787636 	 2.520047
2.762183 	 2.485120
2.737020 	 2.449681
2.712156 	 2.413737
2.687601 	 2.377294
2.663361 	 2.340358
2.639446 	 2.302938
2.615863 	 2.265039
2.592621 	 2.226669
2.569728 	 2.187836
2.547191 	 2.148545
2.525017 	 2.108806
2.503216 	 2.068626
2.481793 	 2.028012
2.460756 	 1.986973
2.440113 	 1.945516
2.419871 	 1.903650
2.400035 	 1.861384
2.380613 	 1.818724
2.361612 	 1.775681
2.343038 	 1.732263
2.324898 	 1.688478
2.307196 	 1.644336
2.289940 	 1.599845
2.273136 	 1.555014
2.256788 	 1.509853
2.240903 	 1.464372
2.225485 	 1.418578
2.210541 	 1.372483
2.196075 	 1.326095
2.182091 	 1.279424
2.168596 	 1.232480
2.155592 	 1.185273
2.143086 	 1.137812
2.131080 	 1.090108
2.119579 	 1.042171
2.108587 	 0.994010
2.098107 	 0.945636
2.088143 	 0.897060
2.078699 	 0.848291
2.069777 	 0.799340
2.061381 	 0.750217
2.053513 	 0.700934
2.046176 	 0.651499
2.039373 	 0.601925
2.033106 	 0.552221
2.027376 	 0.502398
2.022187 	 0.452467
2.017539 	 0.402439
2.013434 	 0.352324
2.009873 	 0.302133
2.006858 	 0.251877
2.004391 	 0.201567
2.002470 	 0.151213
2.001098 	 0.100827
2.000275 	 0.050419
2.000000 	 -0.000000
2.000275 	 -0.050419
2.001098 	 -0.100827
2.002470 	 -0.151213
2.004391 	 -0.201567
2.006858 	 -0.251877
2.009873 	 -0.302133
2.013434 	 -0.352324
2.017539 	 -0.402439
2.022187 	 -0.452467
2.027376 	 -0.502398
2.033106 	 -0.552221
2.039373 	 -0.601925
2.046176 	 -0.651499
2.053513 	 -0.700934
2.061381 	 -0.750217
2.069777 	 -0.799340
2.078699 	 -0.848291
2.088143 	 -0.897060
2.098107 	 -0.945636
2.108587 	 -0.994010
2.119579 	 -1.042171
2.131080 	 -1.090108
2.143086 	 -1.137812
2.155592 	 -1.185273
2.168596 	 -1.232480
2.182091 	 -1.279424
2.196075 	 -1.326095
2.210541 	 -1.372483
2.225485 	 -1.418578
2.240903 	 -1.464372
2.256788 	 -1.509853
2.273136 	 -1.555014
2.289940 	 -1.599845
2.307196 	 -1.644336
2.324898 	 -1.688478
2.343038 	 -1.732263
2.361612 	 -1.775681
2.380613 	 -1.818724
2.400035 	 -1.861384
2.419871 	 -1.903650
2.440113 	 -1.945516
2.460756 	 -1.986973
2.481793 	 -2.028012
2.503216 	 -2.068626
2.525017 	 -2.108806
2.547191 	 -2.148545
2.569728 	 -2.187836
2.592621 	 -2.226669
2.615863 	 -2.265039
2.639446 	 -2.302938
2.663361 	 -2.340358
2.687601 	 -2.377294
2.712156 	 -2.413737
2.737020 	 -2.449681
2.762183 	 -2.485120
2.787636 	 -2.520047
2.813371 	 -2.554456
2.839379 	 -2.588341
2.865652 	 -2.621695
2.892179 	 -2.654514
2.918953 	 -2.686792
2.945964 	 -2.718522
2.973202 	 -2.749701
3.000658 	 -2.780322
3.028323 	 -2.810380
3.056188 	 -2.839872
3.084241 	 -2.868791
3.112475 	 -2.897135
3.140879 	 -2.924898
3.169443 	 -2.952076
3.198158 	 -2.978665
3.227013 	 -3.004662
3.255998 	 -3.030064
3.285104 	 -3.054865
3.314320 	 -3.079065
3.343636 	 -3.102658
3.373042 	 -3.125643
3.402527 	 -3.148016
3.432082 	 -3.169776
3.461695 	 -3.190919
3.491357 	 -3.211445
3.521057 	 -3.231350
3.550785 	 -3.250632
3.580530 	 -3.269291
3.610281 	 -3.287325
3.640029 	 -3.304733
3.669762 	 -3.321513
3.699471 	 -3.337665
3.729143 	 -3.353187
3.758770 	 -3.368081
3.788341 	 -3.382344
3.817844 	 -3.395978
3.847270 	 -3.408981
3.876607 	 -3.421355
3.905846 	 -3.433100
3.934976 	 -3.444217
3.963986 	 -3.454705
3.992865 	 -3.464567
4.021604 	 -3.473803
4.050192 	 -3.482415
4.078619 	 -3.490404
4.106873 	 -3.497772
4.134946 	 -3.504521
4.162825 	 -3.510653
4.190503 	 -3.516171
4.217967 	 -3.521076
4.245208 	 -3.525371
4.272216 	 -3.529060
4.298981 	 -3.532144
4.325492 	 -3.534628
4.351740 	 -3.536515
4.377716 	 -3.537807
4.403408 	 -3.538510
4.428808 	 -3.538626
4.453906 	 -3.538160
4.478692 	 -3.537116
4.503157 	 -3.535498
4.527291 	 -3.533310
4.551086 	 -3.530559
4.574531 	 -3.527248
4.597617 	 -3.523382
4.620336 	 -3.518966
4.642679 	 -3.514007
4.664637 	 -3.508509
4.686200 	 -3.502478
4.707361 	 -3.495920
4.728110 	 -3.488841
4.748440 	 -3.481247
4.768342 	 -3.473144
4.787808 	 -3.464539
4.806830 	 -3.455438
4.825399 	 -3.445849
4.843508 	 -3.435776
4.861149 	 -3.425229
4.878315 	 -3.414214
4.894998 	 -3.402737
4.911191 	 -3.390807
4.926886 	 -3.378432
4.942077 	 -3.365617
4.956756 	 -3.352373
4.970918 	 -3.338705
4.984554 	 -3.324623
4.997659 	 -3.310135
5.010226 	 -3.295248
5.022250 	 -3.279971
5.033723 	 -3.264312
5.044641 	 -3.248281
5.054997 	 -3.231885
5.064786 	 -3.215134
5.074002 	 -3.198036
5.082640 	 -3.180600
5.090696 	 -3.162836
5.098163 	 -3.144753
5.105038 	 -3.126359
5.111316 	 -3.107664
5.116991 	 -3.088678
5.122061 	 -3.069410
5.126520 	 -3.049869
5.130366 	 -3.030065
5.133594 	 -3.010009
5.136200 	 -2.989709
5.138181 	 -2.969175
5.139534 	 -2.948418
5.140256 	 -2.927447
5.140344 	 -2.906272
5.139796 	 -2.884904
5.138608 	 -2.863353
5.136778 	 -2.841628
5.134305 	 -2.819740
5.131186 	 -2.797699
5.127420 	 -2.775515
5.123004 	 -2.753199
5.117938 	 -2.730761
5.112220 	 -2.708211
5.105849 	 -2.685560
5.098824 	 -2.662818
5.091145 	 -2.639996
5.082812 	 -2.617103
5.073822 	 -2.594151
5.064178 	 -2.571150
5.053878 	 -2.548111
5.042923 	 -2.525043
5.031313 	 -2.501957
5.019050 	 -2.478864
5.006133 	 -2.455774
4.992564 	 -2.432698
4.978344 	 -2.409645
4.963474 	 -2.386627
4.947956 	 -2.363653
4.931792 	 -2.340735
4.914983 	 -2.317882
4.897531 	 -2.295105
4.879440 	 -2.272413
4.860710 	 -2.249818
4.841346 	 -2.227328
4.821350 	 -2.204956
4.800724 	 -2.182709
4.779472 	 -2.160599
4.757598 	 -2.138636
4.735104 	 -2.116829
4.711995 	 -2.095188
4.688275 	 -2.073724
4.663946 	 -2.052445
4.639015 	 -2.031361
4.613485 	 -2.010482
4.587361 	 -1.989818
4.560647 	 -1.969378
4.533348 	 -1.949171
4.505470 	 -1.929207
4.477017 	 -1.909495
4.447996 	 -1.890043
4.418411 	 -1.870861
4.388269 	 -1.851958
4.357575 	 -1.833342
4.326336 	 -1.815023
4.294556 	 -1.797009
4.262244 	 -1.779308
4.229405 	 -1.761929
4.196046 	 -1.744879
4.162174 	 -1.728168
4.127796 	 -1.711804
4.092919 	 -1.695793
4.057549 	 -1.680145
4.021695 	 -1.664866
3.985364 	 -1.649964
3.948563 	 -1.635447
3.911301 	 -1.621322
3.873585 	 -1.607597
3.835423 	 -1.594277
3.796824 	 -1.581371
3.757795 	 -1.568884
3.718345 	 -1.556824
3.678483 	 -1.545197
3.638216 	 -1.534009
3.597555 	 -1.523267
3.556507 	 -1.512976
3.515082 	 -1.503142
3.473289 	 -1.493772
3.431137 	 -1.484870
3.388634 	 -1.476442
3.345792 	 -1.468494
3.302618 	 -1.461030
3.259122 	 -1.454055
3.215315 	 -1.447574
3.171205 	 -1.441593
3.126803 	 -1.436114
3.082118 	 -1.431143
3.037160 	 -1.426684
2.991940 	 -1.422740
2.946468 	 -1.419315
2.900753 	 -1.416413
2.854806 	 -1.414037
2.808637 	 -1.412191
2.762256 	 -1.410878
2.715674 	 -1.410100
2.668901 	 -1.409860
2.621949 	 -1.410161
2.574826 	 -1.411005
2.527544 	 -1.412394
2.480114 	 -1.414330
2.432546 	 -1.416816
2.384851 	 -1.419852
2.337039 	 -1.423440
2.289121 	 -1.427582
2.241109 	 -1.432278
2.193012 	 -1.437530
2.144842 	 -1.443338
2.096610 	 -1.449702
2.048325 	 -1.456623
2.000000 	 -1.464102
1.951645 	 -1.472137
1.903270 	 -1.480730
1.854887 	 -1.489879
1.806506 	 -1.499583
1.758139 	 -1.509844
1.709796 	 -1.520658
1.661487 	 -1.532025
1.613224 	 -1.543944
1.565017 	 -1.556414
1.516878 	 -1.569432
1.468816 	 -1.582996
1.420842 	 -1.597106
1.372968 	 -1.611758
1.325203 	 -1.626950
1.277559 	 -1.642679
1.230045 	 -1.658943
1.182672 	 -1.675739
1.135451 	 -1.693063
1.088391 	 -1.710913
1.041504 	 -1.729284
0.994799 	 -1.748174
0.948287 	 -1.767578
0.901977 	 -1.787493
0.855881 	 -1.807914
0.810006 	 -1.828836
0.764365 	 -1.850256
0.718966 	 -1.872169
0.673818 	 -1.894569
0.628933 	 -1.917453
0.584319 	 -1.940814
0.539986 	 -1.964647
0.495943 	 -1.988947
0.452199 	 -2.013709
0.408764 	 -2.038925
0.365647 	 -2.064592
0.322856 	 -2.090701
0.280401 	 -2.117248
0.238290 	 -2.144226
0.196532 	 -2.171627
0.155136 	 -2.199446
0.114109 	 -2.227675
0.073461 	 -2.256308
0.033199 	 -2.285338
-0.006668 	 -2.314757
-0.046133 	 -2.344557
-0.085188 	 -2.374732
-0.123825 	 -2.405273
-0.162036 	 -2.436173
-0.199815 	 -2.467424
-0.237153 	 -2.499017
-0.274044 	 -2.530946
-0.310482 	 -2.563201
-0.346458 	 -2.595773
-0.381966 	 -2.628656
-0.417000 	 -2.661839
-0.451554 	 -2.695314
-0.485620 	 -2.729072
-0.519194 	 -2.763105
-0.552268 	 -2.797404
-0.584838 	 -2.831958
-0.616897 	 -2.866759
-0.648441 	 -2.901799
-0.679464 	 -2.937066
-0.709960 	 -2.972552
-0.739925 	 -3.008247
-0.769354 	 -3.044142
-0.798243 	 -3.080226
-0.826586 	 -3.116491
-0.854380 	 -3.152925
-0.881621 	 -3.189520
-0.908304 	 -3.226264
-0.934425 	 -3.263149
-0.959982 	 -3.300163
-0.984971 	 -3.337298
-1.009388 	 -3.374541
-1.033231 	 -3.411884
-1.056496 	 -3.449316
-1.079181 	 -3.486826
-1.101283 	 -3.524404
-1.122800 	 -3.562039
-1.143730 	 -3.599721
-1.164071 	 -3.637440
-1.183820 	 -3.675185
-1.202977 	 -3.712945
-1.221540 	 -3.750710
-1.239508 	 -3.788469
-1.256879 	 -3.826211
-1.273653 	 -3.863926
-1.289830 	 -3.901603
-1.305407 	 -3.939231
-1.320386 	 -3.976800
-1.334766 	 -4.014299
-1.348547 	 -4.051718
-1.361730 	 -4.089045
-1.374314 	 -4.126271
-1.386301 	 -4.163384
-1.397691 	 -4.200374
-1.408485 	 -4.237230
-1.418684 	 -4.273941
-1.428290 	 -4.310498
-1.437305 	 -4.346889
-1.445729 	 -4.383105
-1.453564 	 -4.419134
-1.460814 	 -4.454966
-1.467480 	 -4.490592
-1.473564 	 -4.525999
-1.479070 	 -4.561179
-1.483999 	 -4.596122
-1.488355 	 -4.630816
-1.492142 	 -4.665251
-1.495361 	 -4.699419
-1.498018 	 -4.733308
-1.500115 	 -4.766910
-1.501656 	 -4.800213
-1.502646 	 -4.833208
-1.503088 	 -4.865886
-1.502987 	 -4.898237
-1.502348 	 -4.930252
-1.501174 	 -4.961920
-1.499471 	 -4.993233
-1.497245 	 -5.024181
-1.494499 	 -5.054755
-1.491240 	 -5.084947
-1.487472 	 -5.114746
-1.483203 	 -5.144145
-1.478436 	 -5.173134
-1.473179 	 -5.201705
-1.467437 	 -5.229849
-1.461216 	 -5.257558
-1.454524 	 -5.284823
-1.447365 	 -5.311637
-1.439749 	 -5.337990
-1.431680 	 -5.363876
-1.423166 	 -5.389287
-1.414214 	 -5.414214
-1.404831 	 -5.438650
-1.395024 	 -5.462587
-1.384802 	 -5.486019
-1.374172 	 -5.508938
-1.363141 	 -5.531337
-1.351717 	 -5.553209
-1.339908 	 -5.574547
-1.327722 	 -5.595346
-1.315168 	 -5.615597
-1.302254 	 -5.635296
-1.288988 	 -5.654435
-1.275379 	 -5.673010
-1.261436 	 -5.691013
-1.247166 	 -5.708439
-1.232579 	 -5.725283
-1.217685 	 -5.741540
-1.202491 	 -5.757204
-1.187007 	 -5.772269
-1.171242 	 -5.786732
-1.155206 	 -5.800587
-1.138908 	 -5.813830
-1.122357 	 -5.826457
-1.105563 	 -5.838463
-1.088535 	 -5.849844
-1.071284 	 -5.860596
-1.053818 	 -5.870716
-1.036148 	 -5.880201
-1.018283 	 -5.889046
-1.000234 	 -5.897248
-0.982010 	 -5.904805
-0.963621 	 -5.911714
-0.945078 	 -5.917972
-0.926390 	 -5.923577
-0.907568 	 -5.928526
-0.888622 	 -5.932817
-0.869561 	 -5.936449
-0.850397 	 -5.939419
-0.831140 	 -5.941727
-0.811800 	 -5.943371
-0.792387 	 -5.944349
-0.772911 	 -5.944661
-0.753384 	 -5.944305
-0.733814 	 -5.943282
-0.714214 	 -5.941591
-0.694593 	 -5.939231
-0.674961 	 -5.936203
-0.655329 	 -5.932506
-0.635708 	 -5.928142
-0.616107 	 -5.923110
-0.596538 	 -5.917411
-0.577010 	 -5.911046
-0.557533 	 -5.904016
-0.538119 	 -5.896323
-0.518778 	 -5.887967
-0.499519 	 -5.878951
-0.480353 	 -5.869276
-0.461291 	 -5.858944
-0.442342 	 -5.847958
-0.423517 	 -5.836319
-0.404825 	 -5.824031
-0.386278 	 -5.811096
-0.367884 	 -5.797516
-0.349654 	 -5.783296
-0.331597 	 -5.768438
-0.313724 	 -5.752945
-0.296045 	 -5.736822
-0.278568 	 -5.720071
-0.261305 	 -5.702698
-0.244263 	 -5.684706
-0.227454 	 -5.666099
-0.210886 	 -5.646882
-0.194568 	 -5.627060
-0.178511 	 -5.606637
-0.162723 	 -5.585618
-0.147213 	 -5.564009
-0.131990 	 -5.541814
-0.117064 	 -5.519040
-0.102443 	 -5.495692
-0.088136 	 -5.471775
-0.074151 	 -5.447296
-0.060497 	 -5.422260
-0.047183 	 -5.396674
-0.034217 	 -5.370545
-0.021607 	 -5.343878
-0.009361 	 -5.316682
0.002513 	 -5.288961
0.014008 	 -5.260724
0.025114 	 -5.231977
0.035825 	 -5.202728
0.046133 	 -5.172984
0.056031 	 -5.142753
0.065511 	 -5.112042
0.074567 	 -5.080859
0.083192 	 -5.049213
0.091378 	 -5.017110
0.099119 	 -4.984560
0.106409 	 -4.951570
0.113240 	 -4.918149
0.119608 	 -4.884306
0.125505 	 -4.850049
0.130925 	 -4.815386
0.135864 	 -4.780328
0.140315 	 -4.744882
0.144273 	 -4.709058
0.147732 	 -4.672864
0.150687 	 -4.636311
0.153134 	 -4.599408
0.155066 	 -4.562163
0.156481 	 -4.524587
0.157373 	 -4.486688
0.157737 	 -4.448478
0.157570 	 -4.409965
0.156868 	 -4.371159
0.155626 	 -4.332071
0.153841 	 -4.292710
0.151510 	 -4.253086
0.148628 	 -4.213210
0.145194 	 -4.173092
0.141204 	 -4.132741
0.136655 	 -4.092169
0.131544 	 -4.051385
0.125870 	 -4.010400
0.119629 	 -3.969224
0.112821 	 -3.927869
0.105441 	 -3.886344
0.097490 	 -3.844659
0.088966 	 -3.802827
0.079867 	 -3.760856
0.070191 	 -3.718759
0.059939 	 -3.676544
0.049109 	 -3.634225
0.037700 	 -3.591810
0.025713 	 -3.549310
0.013146 	 -3.506737
0.000000 	 -3.464102
-0.013725 	 -3.421414
-0.028029 	 -3.378685
-0.042911 	 -3.335925
-0.058371 	 -3.293145
-0.074408 	 -3.250356
-0.091021 	 -3.207569
-0.108208 	 -3.164794
-0.125968 	 -3.122042
-0.144300 	 -3.079323
-0.163202 	 -3.036649
-0.182672 	 -2.994030
-0.202707 	 -2.951476
-0.223306 	 -2.908999
-0.244466 	 -2.866607
-0.266184 	 -2.824313
-0.288458 	 -2.782126
-0.311284 	 -2.740057
-0.334659 	 -2.698116
-0.358579 	 -2.656314
-0.383042 	 -2.614660
-0.408044 	 -2.573164
-0.433580 	 -2.531838
-0.459646 	 -2.490691
-0.486238 	 -2.449732
-0.513353 	 -2.408972
-0.540984 	 -2.368420
-0.569128 	 -2.328087
-0.597779 	 -2.287982
-0.626933 	 -2.248114
-0.656584 	 -2.208493
-0.686726 	 -2.169128
-0.717354 	 -2.130029
-0.748463 	 -2.091205
-0.780046 	 -2.052665
-0.812098 	 -2.014418
-0.844612 	 -1.976473
-0.877582 	 -1.938838
-0.911001 	 -1.901523
-0.944862 	 -1.864535
-0.979160 	 -1.827884
-1.013886 	 -1.791578
-1.049034 	 -1.755625
-1.084597 	 -1.720033
-1.120567 	 -1.684810
-1.156937 	 -1.649964
-1.193699 	 -1.615503
-1.230845 	 -1.581434
-1.268368 	 -1.547765
-1.306259 	 -1.514503
-1.344510 	 -1.481655
-1.383114 	 -1.449228
-1.422061 	 -1.417230
-1.461343 	 -1.385667
-1.500952 	 -1.354545
-1.540879 	 -1.323872
-1.581114 	 -1.293653
-1.621650 	 -1.263895
-1.662477 	 -1.234603
-1.703585 	 -1.205784
-1.744967 	 -1.177444
-1.786611 	 -1.149587
-1.828510 	 -1.122219
-1.870652 	 -1.095346
-1.913030 	 -1.068973
-1.955633 	 -1.043103
-1.998451 	 -1.017743
-2.041475 	 -0.992897
-2.084694 	 -0.968569
-2.128098 	 -0.944763
-2.171679 	 -0.921484
-2.215424 	 -0.898735
-2.259325 	 -0.876520
-2.303371 	 -0.854843
-2.347552 	 -0.833707
-2.391856 	 -0.813115
-2.436275 	 -0.793070
-2.480797 	 -0.773575
-2.525413 	 -0.754633
-2.570110 	 -0.736246
-2.614880 	 -0.718416
-2.659710 	 -0.701146
-2.704592 	 -0.684437
-2.749513 	 -0.668291
-2.794463 	 -0.652711
-2.839432 	 -0.637696
-2.884409 	 -0.623249
-2.929382 	 -0.609370
-2.974342 	 -0.596060
-3.019278 	 -0.583320
-3.064178 	 -0.571150
-3.109032 	 -0.559551
-3.153829 	 -0.548523
-3.198558 	 -0.538065
-3.243209 	 -0.528177
-3.287771 	 -0.518859
-3.332233 	 -0.510110
-3.376584 	 -0.501930
-3.420814 	 -0.494316
-3.464912 	 -0.487269
-3.508867 	 -0.480787
-3.552669 	 -0.474867
-3.596307 	 -0.469509
-3.639770 	 -0.464710
-3.683048 	 -0.460469
-3.726131 	 -0.456783
-3.769008 	 -0.453649
-3.811668 	 -0.451065
-3.854102 	 -0.449028
-3.896299 	 -0.447535
-3.938249 	 -0.446583
-3.979941 	 -0.446168
-4.021366 	 -0.446288
-4.062514 	 -0.446938
-4.103374 	 -0.448114
-4.143937 	 -0.449812
-4.184192 	 -0.452028
-4.224131 	 -0.454759
-4.263744 	 -0.457998
-4.303020 	 -0.461742
-4.341951 	 -0.465985
-4.380527 	 -0.470723
-4.418739 	 -0.475950
-4.456578 	 -0.481661
-4.494034 	 -0.487851
-4.531099 	 -0.494514
-4.567763 	 -0.501643
-4.604018 	 -0.509233
-4.639855 	 -0.517279
-4.675267 	 -0.525773
-4.710243 	 -0.534709
-4.744776 	 -0.544080
-4.778858 	 -0.553881
-4.812480 	 -0.564103
-4.845635 	 -0.574741
-4.878315 	 -0.585786
-4.910512 	 -0.597233
-4.942219 	 -0.609072
-4.973427 	 -0.621298
-5.004131 	 -0.633901
-5.034322 	 -0.646875
-5.063994 	 -0.660212
-5.093139 	 -0.673903
-5.121751 	 -0.687940
-5.149824 	 -0.702316
-5.177351 	 -0.717021
-5.204326 	 -0.732048
-5.230742 	 -0.747388
-5.256594 	 -0.763032
-5.281876 	 -0.778971
-5.306581 	 -0.795197
-5.330706 	 -0.811700
-5.354243 	 -0.828472
-5.377189 	 -0.845504
-5.399538 	 -0.862785
-5.421285 	 -0.880308
-5.442426 	 -0.898062
-5.462956 	 -0.916038
-5.482870 	 -0.934226
-5.502165 	 -0.952618
-5.520837 	 -0.971203
-5.538881 	 -0.989971
-5.556295 	 -1.008913
-5.573074 	 -1.028018
-5.589215 	 -1.047278
-5.604716 	 -1.066681
-5.619573 	 -1.086218
-5.633784 	 -1.105879
-5.647345 	 -1.125654
-5.660255 	 -1.145532
-5.672511 	 -1.165503
-5.684112 	 -1.185557
-5.695055 	 -1.205685
-5.705339 	 -1.225874
-5.714963 	 -1.246116
-5.723924 	 -1.266399
-5.732223 	 -1.286714
-5.739857 	 -1.307050
-5.746827 	 -1.327397
-5.753132 	 -1.347744
-5.758770 	 -1.368081
-5.763744 	 -1.388397
-5.768051 	 -1.408682
-5.771693 	 -1.428926
-5.774670 	 -1.449118
-5.776982 	 -1.469247
-5.778630 	 -1.489304
-5.779616 	 -1.509279
-5.779940 	 -1.529160
-5.779603 	 -1.548937
-5.778607 	 -1.568600
-5.776954 	 -1.588140
-5.774646 	 -1.607545
-5.771684 	 -1.626805
-5.768071 	 -1.645910
-5.763810 	 -1.664851
-5.758902 	 -1.683617
-5.753351 	 -1.702198
-5.747160 	 -1.720583
-5.740331 	 -1.738764
-5.732869 	 -1.756731
-5.724776 	 -1.774473
-5.716056 	 -1.791980
-5.706713 	 -1.809244
-5.696752 	 -1.826254
-5.686175 	 -1.843001
-5.674989 	 -1.859476
-5.663196 	 -1.875669
-5.650802 	 -1.891570
-5.637812 	 -1.907172
-5.624230 	 -1.922463
-5.610063 	 -1.937437
-5.595314 	 -1.952083
-5.579990 	 -1.966393
-5.564097 	 -1.980357
-5.547640 	 -1.993968
-5.530624 	 -2.007217
-5.513058 	 -2.020096
-5.494945 	 -2.032595
-5.476294 	 -2.044707
-5.457110 	 -2.056424
-5.437401 	 -2.067738
-5.417172 	 -2.078641
-5.396432 	 -2.089125
-5.375187 	 -2.099183
-5.353445 	 -2.108806
-5.331212 	 -2.117989
-5.308497 	 -2.126723
-5.285307 	 -2.135001
-5.261651 	 -2.142817
-5.237535 	 -2.150164
-5.212968 	 -2.157035
-5.187958 	 -2.163423
-5.162513 	 -2.169322
-5.136643 	 -2.174726
-5.110354 	 -2.179629
-5.083657 	 -2.184025
-5.056559 	 -2.187908
-5.029070 	 -2.191272
-5.001199 	 -2.194112
-4.972953 	 -2.196422
-4.944344 	 -2.198198
-4.915379 	 -2.199435
-4.886069 	 -2.200127
-4.856422 	 -2.200270
-4.826448 	 -2.199859
-4.796156 	 -2.198890
-4.765557 	 -2.197360
-4.734661 	 -2.195263
-4.703475 	 -2.192596
-4.672012 	 -2.189355
-4.640280 	 -2.185537
-4.608290 	 -2.181139
-4.576052 	 -2.176157
-4.543575 	 -2.170589
-4.510871 	 -2.164431
-4.477948 	 -2.157681
-4.444819 	 -2.150337
-4.411492 	 -2.142396
-4.377978 	 -2.133857
-4.344288 	 -2.124717
-4.310432 	 -2.114975
-4.276421 	 -2.104629
-4.242265 	 -2.093677
-4.207974 	 -2.082120
-4.173559 	 -2.069955
-4.139032 	 -2.057182
-4.104401 	 -2.043800
-4.069679 	 -2.029809
-4.034875 	 -2.015209
-4.000000 	 -2.000000
-3.965065 	 -1.984181
-3.930081 	 -1.967754
-3.895057 	 -1.950718
-3.860006 	 -1.933074
-3.824936 	 -1.914824
-3.789860 	 -1.895968
-3.754787 	 -1.876507
-3.719728 	 -1.856444
-3.684694 	 -1.835779
-3.649695 	 -1.814514
-3.614742 	 -1.792652
-3.579845 	 -1.770194
-3.545014 	 -1.747143
-3.510261 	 -1.723502
-3.475595 	 -1.699272
-3.441026 	 -1.674458
-3.406565 	 -1.649062
-3.372222 	 -1.623087
-3.338008 	 -1.596537
-3.303931 	 -1.569416
-3.270004 	 -1.541726
-3.236234 	 -1.513473
-3.202633 	 -1.484660
-3.169210 	 -1.455291
-3.135975 	 -1.425372
-3.102937 	 -1.394906
-3.070107 	 -1.363899
-3.037493 	 -1.332355
-3.005105 	 -1.300280
-2.972953 	 -1.267679
-2.941046 	 -1.234557
-2.909393 	 -1.200921
-2.878003 	 -1.166775
-2.846886 	 -1.132125
-2.816049 	 -1.096979
-2.785502 	 -1.061342
-2.755253 	 -1.025220
-2.725312 	 -0.988620
-2.695686 	 -0.951549
-2.666384 	 -0.914014
-2.637414 	 -0.876021
-2.608785 	 -0.837578
-2.580504 	 -0.798692
-2.552579 	 -0.759370
-2.525017 	 -0.719621
-2.497828 	 -0.679451
-2.471017 	 -0.638869
-2.444593 	 -0.597882
-2.418562 	 -0.556498
-2.392932 	 -0.514726
-2.367710 	 -0.472574
-2.342902 	 -0.430051
-2.318515 	 -0.387165
-2.294556 	 -0.343924
-2.271031 	 -0.300337
-2.247947 	 -0.256414
-2.225308 	 -0.212164
-2.203122 	 -0.167594
-2.181393 	 -0.122715
-2.160129 	 -0.077537
-2.139333 	 -0.032067
-2.119012 	 0.013684
-2.099170 	 0.059707
-2.079812 	 0.105991
-2.060944 	 0.152528
-2.042570 	 0.199307
-2.024694 	 0.246319
-2.007321 	 0.293554
-1.990454 	 0.341001
-1.974098 	 0.388650
-1.958257 	 0.436492
-1.942934 	 0.484515
-1.928132 	 0.532711
-1.913855 	 0.581067
-1.900106 	 0.629575
-1.886888 	 0.678223
-1.874204 	 0.727001
-1.862055 	 0.775898
-1.850445 	 0.824904
-1.839376 	 0.874008
-1.828849 	 0.923199
-1.818867 	 0.972467
-1.809431 	 1.021801
-1.800543 	 1.071191
-1.792203 	 1.120624
-1.784414 	 1.170092
-1.777175 	 1.219582
-1.770488 	 1.269084
-1.764353 	 1.318587
-1.758770 	 1.368081
-1.753741 	 1.417553
-1.749264 	 1.466995
-1.745339 	 1.516394
-1.741966 	 1.565740
-1.739145 	 1.615022
-1.736875 	 1.664230
-1.735155 	 1.713352
-1.733983 	 1.762377
-1.733359 	 1.811295
-1.733280 	 1.860096
-1.733746 	 1.908768
-1.734755 	 1.957300
-1.736303 	 2.005683
-1.738390 	 2.053906
-1.741013 	 2.101957
-1.744169 	 2.149827
-1.747855 	 2.197505
-1.752069 	 2.244981
-1.756807 	 2.292243
-1.762067 	 2.339283
-1.767844 	 2.386090
-1.774135 	 2.432653
-1.780936 	 2.478962
-1.788244 	 2.525008
-1.796054 	 2.570781
-1.804362 	 2.616270
-1.813163 	 2.661466
-1.822453 	 2.706358
-1.832227 	 2.750939
-1.842480 	 2.795197
-1.853206 	 2.839123
-1.864402 	 2.882709
-1.876060 	 2.925944
-1.888176 	 2.968820
-1.900743 	 3.011327
-1.913756 	 3.053457
-1.927209 	 3.095200
-1.941096 	 3.136549
-1.955410 	 3.177493
-1.970144 	 3.218026
-1.985292 	 3.258137
-2.000848 	 3.297820
-2.016804 	 3.337066
-2.033153 	 3.375866
-2.049888 	 3.414214
-2.067002 	 3.452100
-2.084487 	 3.489518
-2.102335 	 3.526460
-2.120540 	 3.562919
-2.139092 	 3.598886
-2.157985 	 3.634356
-2.177210 	 3.669322
-2.196758 	 3.703776
-2.216622 	 3.737711
-2.236793 	 3.771122
-2.257262 	 3.804001
-2.278022 	 3.836344
-2.299062 	 3.868143
-2.320375 	 3.899392
-2.341951 	 3.930087
-2.363782 	 3.960221
-2.385858 	 3.989788
-2.408169 	 4.018785
-2.430708 	 4.047205
-2.453463 	 4.075043
-2.476427 	 4.102295
-2.499589 	 4.128957
-2.522940 	 4.155023
-2.546469 	 4.180490
-2.570168 	 4.205354
-2.594026 	 4.229609
-2.618034 	 4.253254
-2.642181 	 4.276284
-2.666458 	 4.298696
-2.690855 	 4.320486
-2.715361 	 4.341652
-2.739966 	 4.362191
-2.764660 	 4.382100
-2.789433 	 4.401376
-2.814274 	 4.420018
-2.839174 	 4.438023
-2.864122 	 4.455389
-2.889107 	 4.472114
-2.914119 	 4.488198
-2.939148 	 4.503638
-2.964183 	 4.518433
-2.989214 	 4.532583
-3.014231 	 4.546086
-3.039222 	 4.558942
-3.064178 	 4.571150
-3.089087 	 4.582711
-3.113940 	 4.593623
-3.138726 	 4.603888
-3.163435 	 4.613505
-3.188055 	 4.622475
-3.212577 	 4.630798
-3.236990 	 4.638476
-3.261284 	 4.645509
-3.285448 	 4.651899
-3.309472 	 4.657647
-3.333346 	 4.662754
-3.357059 	 4.667223
-3.380602 	 4.671055
-3.403963 	 4.674253
-3.427133 	 4.676818
-3.450101 	 4.678754
-3.472858 	 4.680062
-3.495393 	 4.680747
-3.517697 	 4.680810
-3.539759 	 4.680255
-3.561570 	 4.679085
-3.583120 	 4.677304
-3.604399 	 4.674917
-3.625398 	 4.671925
-3.646106 	 4.668335
-3.666515 	 4.664149
-3.686614 	 4.659372
-3.706396 	 4.654010
-3.725850 	 4.648066
-3.744967 	 4.641545
-3.763738 	 4.634454
-3.782154 	 4.626796
-3.800206 	 4.618577
-3.817886 	 4.609803
-3.835184 	 4.600480
-3.852093 	 4.590613
-3.868603 	 4.580209
-3.884707 	 4.569273
-3.900395 	 4.557812
-3.915661 	 4.545832
-3.930495 	 4.533341
-3.944890 	 4.520344
-3.958838 	 4.506849
-3.972332 	 4.492862
-3.985364 	 4.478391
-3.997926 	 4.463444
-4.010012 	 4.448027
-4.021614 	 4.432148
-4.032724 	 4.415814
-4.043337 	 4.399035
-4.053446 	 4.381817
-4.063044 	 4.364169
-4.072124 	 4.346098
-4.080680 	 4.327614
-4.088706 	 4.308724
-4.096197 	 4.289437
-4.103145 	 4.269761
-4.109547 	 4.249706
-4.115395 	 4.229280
-4.120685 	 4.208493
-4.125412 	 4.187352
-4.129570 	 4.165868
-4.133154 	 4.144049
-4.136160 	 4.121905
-4.138584 	 4.099445
-4.140420 	 4.076678
-4.141665 	 4.053615
-4.142315 	 4.030264
-4.142365 	 4.006636
-4.141813 	 3.982740
-4.140654 	 3.958586
-4.138885 	 3.934184
-4.136503 	 3.909544
-4.133505 	 3.884676
-4.129888 	 3.859589
-4.125649 	 3.834295
-4.120787 	 3.808803
-4.115298 	 3.783123
-4.109181 	 3.757266
-4.102433 	 3.731242
-4.095054 	 3.705061
-4.087041 	 3.678734
-4.078393 	 3.652271
-4.069108 	 3.625683
-4.059187 	 3.598979
-4.048627 	 3.572171
-4.037429 	 3.545269
-4.025592 	 3.518283
-4.013116 	 3.491223
-4.000000 	 3.464102
-3.986245 	 3.436928
-3.971851 	 3.409712
-3.956818 	 3.382466
-3.941147 	 3.355199
-3.924840 	 3.327921
-3.907896 	 3.300645
-3.890318 	 3.273379
-3.872106 	 3.246134
-3.853263 	 3.218921
-3.833790 	 3.191751
-3.813688 	 3.164633
-3.792961 	 3.137578
-3.771610 	 3.110596
-3.749638 	 3.083697
-3.727048 	 3.056892
-3.703843 	 3.030192
-3.680025 	 3.003605
-3.655598 	 2.977142
-3.630565 	 2.950814
-3.604930 	 2.924629
-3.578696 	 2.898599
-3.551868 	 2.872733
-3.524449 	 2.847040
-3.496445 	 2.821531
-3.467858 	 2.796215
-3.438695 	 2.771102
-3.408960 	 2.746201
-3.378657 	 2.721521
-3.347792 	 2.697073
-3.316370 	 2.672864
-3.284397 	 2.648905
-3.251877 	 2.625205
-3.218818 	 2.601772
-3.185225 	 2.578615
-3.151104 	 2.555743
-3.116460 	 2.533165
-3.081302 	 2.510889
-3.045634 	 2.488924
-3.009465 	 2.467278
-2.972800 	 2.445960
-2.935646 	 2.424976
-2.898012 	 2.404337
-2.859903 	 2.384049
-2.821328 	 2.364119
-2.782294 	 2.344557
-2.742809 	 2.325369
-2.702880 	 2.306562
-2.662515 	 2.288144
-2.621723 	 2.270123
-2.580511 	 2.252504
-2.538888 	 2.235295
-2.496863 	 2.218502
-2.454443 	 2.202132
-2.411638 	 2.186192
-2.368457 	 2.170687
-2.324907 	 2.155625
-2.280999 	 2.141009
-2.236741 	 2.126848
-2.192143 	 2.113145
-2.147213 	 2.099907
-2.101961 	 2.087139
-2.056397 	 2.074846
-2.010530 	 2.063034
-1.964370 	 2.051706
-1.917927 	 2.040868
-1.871210 	 2.030524
-1.824229 	 2.020679
-1.776995 	 2.011336
-1.729517 	 2.002500
-1.681805 	 1.994175
-1.633870 	 1.986363
-1.585722 	 1.979070
-1.537371 	 1.972297
-1.488827 	 1.966049
-1.440102 	 1.960328
-1.391205 	 1.955137
-1.342146 	 1.950478
-1.292938 	 1.946354
-1.243589 	 1.942767
-1.194112 	 1.939720
-1.144516 	 1.937214
-1.094812 	 1.935250
-1.045011 	 1.933831
-0.995123 	 1.932958
-0.945161 	 1.932632
-0.895133 	 1.932853
-0.845052 	 1.933624
-0.794927 	 1.934943
-0.744771 	 1.936812
-0.694593 	 1.939231
-0.644404 	 1.942200
-0.594216 	 1.945719
-0.544040 	 1.949787
-0.493885 	 1.954404
-0.443764 	 1.959570
-0.393686 	 1.965283
-0.343663 	 1.971543
-0.293705 	 1.978347
-0.243823 	 1.985696
-0.194029 	 1.993586
-0.144332 	 2.002017
-0.094743 	 2.010986
-0.045274 	 2.020492
0.004067 	 2.030531
0.053266 	 2.041102
0.102316 	 2.052201
0.151204 	 2.063826
0.199920 	 2.075975
0.248455 	 2.088642
0.296797 	 2.101826
0.344936 	 2.115522
0.392863 	 2.129728
0.440567 	 2.144438
0.488039 	 2.159649
0.535267 	 2.175356
0.582242 	 2.191556
0.628955 	 2.208243
0.675396 	 2.225413
0.721554 	 2.243061
0.767421 	 2.261182
0.812986 	 2.279770
0.858241 	 2.298820
0.903177 	 2.318327
0.947783 	 2.338285
0.992051 	 2.358688
1.035973 	 2.379529
1.079538 	 2.400804
1.122738 	 2.422504
1.165565 	 2.444625
1.208010 	 2.467159
1.250064 	 2.490099
1.291720 	 2.513440
1.332969 	 2.537172
1.373803 	 2.561290
1.414214 	 2.585786
1.454194 	 2.610653
1.493735 	 2.635883
1.532831 	 2.661468
1.571473 	 2.687401
1.609654 	 2.713673
1.647368 	 2.740276
1.684606 	 2.767203
1.721363 	 2.794445
1.757632 	 2.821993
1.793406 	 2.849839
1.828678 	 2.877974
1.863442 	 2.906390
1.897693 	 2.935078
1.931424 	 2.964029
1.964630 	 2.993233
1.997305 	 3.022681
2.029443 	 3.052365
2.061039 	 3.082275
2.092088 	 3.112402
2.122585 	 3.142735
2.152526 	 3.173266
2.181905 	 3.203985
2.210718 	 3.234882
2.238960 	 3.265947
2.266629 	 3.297171
2.293719 	 3.328543
2.320227 	 3.360054
2.346149 	 3.391693
2.371482 	 3.423450
2.396223 	 3.455315
2.420369 	 3.487279
2.443916 	 3.519330
2.466862 	 3.551458
2.489204 	 3.583653
2.510941 	 3.615905
2.532069 	 3.648203
2.552587 	 3.680537
2.572494 	 3.712896
2.591787 	 3.745270
2.610465 	 3.777648
2.628526 	 3.810020
2.645971 	 3.842374
2.662797 	 3.874701
2.679005 	 3.906991
2.694593 	 3.939231
2.709561 	 3.971412
2.723910 	 4.003524
2.737639 	 4.035554
2.750748 	 4.067494
2.763238 	 4.099333
2.775110 	 4.131059
2.786364 	 4.162662
2.797002 	 4.194133
2.807023 	 4.225459
2.816431 	 4.256632
2.825226 	 4.287640
2.833410 	 4.318473
2.840984 	 4.349120
2.847952 	 4.379572
2.854315 	 4.409818
2.860076 	 4.439847
2.865237 	 4.469650
2.869801 	 4.499217
2.873771 	 4.528537
2.877150 	 4.557600
2.879942 	 4.586397
2.882149 	 4.614917
2.883777 	 4.643151
2.884828 	 4.671088
2.885306 	 4.698720
2.885216 	 4.726036
2.884562 	 4.753028
2.883349 	 4.779685
2.881581 	 4.805998
2.879264 	 4.831958
2.876401 	 4.857556
2.872999 	 4.882782
2.869062 	 4.907629
2.864597 	 4.932086
2.859608 	 4.956144
2.854102 	 4.979797
2.848084 	 5.003033
2.841561 	 5.025846
2.834539 	 5.048227
2.827025 	 5.070168
2.819024 	 5.091660
2.810543 	 5.112695
2.801590 	 5.133266
2.792171 	 5.153365
2.782294 	 5.172984
2.771965 	 5.192116
2.761193 	 5.210753
2.749983 	 5.228888
2.738345 	 5.246514
2.726286 	 5.263624
2.713814 	 5.280211
2.700936 	 5.296269
2.687661 	 5.311790
2.673997 	 5.326769
2.659952 	 5.341200
2.645536 	 5.355076
2.630755 	 5.368391
2.615620 	 5.381140
2.600138 	 5.393316
2.584319 	 5.404915
2.568172 	 5.415931
2.551705 	 5.426360
2.534928 	 5.436195
2.517849 	 5.445432
2.500479 	 5.454067
2.482827 	 5.462095
2.464902 	 5.469512
2.446713 	 5.476314
2.428271 	 5.482496
2.409585 	 5.488055
2.390664 	 5.492987
2.371519 	 5.497289
2.352159 	 5.500958
2.332594 	 5.503990
2.312835 	 5.506382
2.292891 	 5.508132
2.272772 	 5.509238
2.252489 	 5.509696
2.232052 	 5.509505
2.211470 	 5.508663
2.190755 	 5.507167
2.169916 	 5.505017
2.148964 	 5.502210
2.127909 	 5.498745
2.106762 	 5.494622
2.085532 	 5.489840
2.064231 	 5.484397
2.042868 	 5.478293
2.021454 	 5.471528
2.000000 	 5.464102
1.978516 	 5.456014
1.957012 	 5.447265
1.935498 	 5.437856
1.913986 	 5.427786
1.892486 	 5.417057
1.871008 	 5.405670
1.849562 	 5.393625
1.828158 	 5.380924
1.806808 	 5.367569
1.785521 	 5.353561
1.764308 	 5.338902
1.743179 	 5.323595
1.722144 	 5.307641
1.701214 	 5.291043
1.680398 	 5.273803
1.659706 	 5.255924
1.639150 	 5.237410
1.618738 	 5.218263
1.598480 	 5.198487
1.578387 	 5.178085
1.558469 	 5.157061
1.538734 	 5.135419
1.519193 	 5.113162
1.499856 	 5.090296
1.480732 	 5.066824
1.461830 	 5.042751
1.443160 	 5.018081
1.424731 	 4.992820
1.406553 	 4.966972
1.388634 	 4.940544
1.370984 	 4.913539
1.353612 	 4.885964
1.336526 	 4.857824
1.319736 	 4.829126
1.303249 	 4.799875
1.287075 	 4.770077
1.271223 	 4.739739
1.255699 	 4.708867
1.240513 	 4.677468
1.225673 	 4.645549
1.211187 	 4.613116
1.197063 	 4.580176
1.183308 	 4.546737
1.169930 	 4.512807
1.156937 	 4.478391
1.144336 	 4.443499
1.132134 	 4.408138
1.120339 	 4.372316
1.108958 	 4.336040
1.097997 	 4.299319
1.087463 	 4.262161
1.077362 	 4.224574
1.067702 	 4.186568
1.058488 	 4.148150
1.049727 	 4.109329
1.041425 	 4.070114
1.033587 	 4.030514
1.026219 	 3.990538
1.019327 	 3.950195
1.012916 	 3.909495
1.006991 	 3.868446
1.001558 	 3.827058
0.996620 	 3.785340
0.992184 	 3.743303
0.988254 	 3.700955
0.984833 	 3.658308
0.981927 	 3.615369
0.979539 	 3.572150
0.977673 	 3.528660
0.976334 	 3.484910
0.975523 	 3.440909
0.975246 	 3.396667
0.975505 	 3.352196
0.976303 	 3.307505
0.977643 	 3.262605
0.979528 	 3.217505
0.981959 	 3.172217
0.984941 	 3.126751
0.988474 	 3.081118
0.992561 	 3.035328
0.997203 	 2.989391
1.002402 	 2.943319
1.008159 	 2.897122
1.014476 	 2.850811
1.021354 	 2.804397
1.028794 	 2.757890
1.036795 	 2.711301
1.045360 	 2.664641
1.054487 	 2.617920
1.064178 	 2.571150
1.074432 	 2.524342
1.085248 	 2.477505
1.096627 	 2.430652
1.108568 	 2.383792
1.121070 	 2.336937
1.134132 	 2.290097
1.147753 	 2.243283
1.161932 	 2.196506
1.176666 	 2.149777
1.191955 	 2.103106
1.207796 	 2.056504
1.224188 	 2.009981
1.241128 	 1.963548
1.258613 	 1.917217
1.276641 	 1.870996
1.295210 	 1.824898
1.314315 	 1.778931
1.333955 	 1.733107
1.354125 	 1.687436
1.374823 	 1.641928
1.396044 	 1.596593
1.417785 	 1.551442
1.440042 	 1.506485
1.462809 	 1.461731
1.486084 	 1.417191
1.509862 	 1.372874
1.534137 	 1.328791
1.558905 	 1.284950
1.584162 	 1.241362
1.609900 	 1.198036
1.636117 	 1.154981
1.662805 	 1.112208
1.689959 	 1.069725
1.717573 	 1.027541
1.745642 	 0.985665
1.774158 	 0.944107
1.803117 	 0.902874
1.832511 	 0.861977
1.862334 	 0.821424
1.892579 	 0.781222
1.923239 	 0.741381
1.954307 	 0.701909
1.985776 	 0.662814
2.017639 	 0.624104
2.049888 	 0.585786
2.082516 	 0.547870
2.115515 	 0.510362
2.148876 	 0.473269
2.182594 	 0.436600
2.216658 	 0.400362
2.251061 	 0.364561
2.285795 	 0.329204
2.320850 	 0.294299
2.356220 	 0.259852
2.391894 	 0.225870
2.427865 	 0.192359
2.464123 	 0.159325
2.500659 	 0.126774
2.537465 	 0.094712
2.574531 	 0.063146
2.611847 	 0.032080
2.649405 	 0.001520
2.687195 	 -0.028528
2.725208 	 -0.058061
2.763433 	 -0.087071
2.801862 	 -0.115556
2.840484 	 -0.143510
2.879289 	 -0.170928
2.918269 	 -0.197807
2.957411 	 -0.224142
2.996708 	 -0.249930
3.036148 	 -0.275166
3.075721 	 -0.299848
3.115417 	 -0.323971
3.155226 	 -0.347533
3.195138 	 -0.370530
3.235141 	 -0.392959
3.275226 	 -0.414818
3.315383 	 -0.436105
3.355600 	 -0.456816
3.395866 	 -0.476950
3.436173 	 -0.496505
3.476508 	 -0.515479
3.516862 	 -0.533871
3.557223 	 -0.551678
3.597582 	 -0.568901
3.637926 	 -0.585537
3.678246 	 -0.601586
3.718531 	 -0.617047
3.758770 	 -0.631919
3.798953 	 -0.646203
3.839069 	 -0.659899
3.879106 	 -0.673005
3.919055 	 -0.685524
3.958904 	 -0.697454
3.998643 	 -0.708796
4.038262 	 -0.719552
4.077750 	 -0.729723
4.117095 	 -0.739309
4.156288 	 -0.748312
4.195318 	 -0.756733
4.234174 	 -0.764574
4.272846 	 -0.771837
4.311324 	 -0.778525
4.349596 	 -0.784639
4.387653 	 -0.790181
4.425485 	 -0.795155
4.463081 	 -0.799564
4.500430 	 -0.803409
4.537524 	 -0.806695
4.574351 	 -0.809424
4.610902 	 -0.811601
4.647166 	 -0.813228
4.683134 	 -0.814310
4.718796 	 -0.814851
4.754143 	 -0.814855
4.789164 	 -0.814325
4.823850 	 -0.813268
4.858192 	 -0.811687
4.892179 	 -0.809587
4.925804 	 -0.806974
4.959056 	 -0.803852
4.991927 	 -0.800227
5.024407 	 -0.796104
5.056488 	 -0.791489
5.088161 	 -0.786387
5.119417 	 -0.780805
5.150247 	 -0.774749
5.180643 	 -0.768225
5.210596 	 -0.761240
5.240100 	 -0.753799
5.269144 	 -0.745910
5.297721 	 -0.737579
5.325824 	 -0.728814
5.353445 	 -0.719621
5.380575 	 -0.710008
5.407208 	 -0.699981
5.433336 	 -0.689550
5.458952 	 -0.678720
5.484048 	 -0.667500
5.508619 	 -0.655898
5.532656 	 -0.643921
5.556154 	 -0.631579
5.579106 	 -0.618878
5.601506 	 -0.605828
5.623346 	 -0.592436
5.644623 	 -0.578711
5.665328 	 -0.564663
5.685457 	 -0.550299
5.705004 	 -0.535628
5.723964 	 -0.520660
5.742331 	 -0.505403
5.760101 	 -0.489867
5.777267 	 -0.474061
5.793827 	 -0.457993
5.809774 	 -0.441674
5.825105 	 -0.425112
5.839815 	 -0.408318
5.853900 	 -0.391301
5.867357 	 -0.374071
5.880181 	 -0.356636
5.892369 	 -0.339008
5.903918 	 -0.321196
5.914824 	 -0.303209
5.925084 	 -0.285059
5.934696 	 -0.266754
5.943657 	 -0.248305
5.951964 	 -0.229722
5.959615 	 -0.211015
5.966607 	 -0.192195
5.972940 	 -0.173271
5.978611 	 -0.154254
5.983618 	 -0.135154
5.987961 	 -0.115981
5.991637 	 -0.096746
5.994647 	 -0.077459
5.996988 	 -0.058131
5.998661 	 -0.038771
5.999665 	 -0.019391
6.000000 	 -0.000000
5.999665 	 0.019391
5.998661 	 0.038771
5.996988 	 0.058131
5.994647 	 0.077459
5.991637 	 0.096746
5.987961 	 0.115981
5.983618 	 0.135154
5.978611 	 0.154254
5.972940 	 0.173271
5.966607 	 0.192195
5.959615 	 0.211015
5.951964 	 0.229722
5.943657 	 0.248305
5.934696 	 0.266754
5.925084 	 0.285059
5.914824 	 0.303209
5.903918 	 0.321196
5.892369 	 0.339008
5.880181 	 0.356636
5.867357 	 0.374071
5.853900 	 0.391301
5.839815 	 0.408318
5.825105 	 0.425112
5.809774 	 0.441674
5.793827 	 0.457993
5.777267 	 0.474061
5.760101 	 0.489867
5.742331 	 0.505403
5.723964 	 0.520660
5.705004 	 0.535628
5.685457 	 0.550299
5.665328 	 0.564663
5.644623 	 0.578711
5.623346 	 0.592436
5.601506 	 0.605828
5.579106 	 0.618878
5.556154 	 0.631579
5.532656 	 0.643921
5.508619 	 0.655898
5.484048 	 0.667500
5.458952 	 0.678720
5.433336 	 0.689550
5.407208 	 0.699981
5.380575 	 0.710008
5.353445 	 0.719621
5.325824 	 0.728814
5.297721 	 0.737579
5.269144 	 0.745910
5.240100 	 0.753799
5.210596 	 0.761240
5.180643 	 0.768225
5.150247 	 0.774749
5.119417 	 0.780805
5.088161 	 0.786387
5.056488 	 0.791489
5.024407 	 0.796104
4.991927 	 0.800227
4.959056 	 0.803852
4.925804 	 0.806974
4.892179 	 0.809587
4.858192 	 0.811687
4.823850 	 0.813268
4.789164 	 0.814325
4.754143 	 0.814855
4.718796 	 0.814851
4.683134 	 0.814310
4.647166 	 0.813228
4.610902 	 0.811601
4.574351 	 0.809424
4.537524 	 0.806695
4.500430 	 0.803409
4.463081 	 0.799564
4.425485 	 0.795155
4.387653 	 0.790181
4.349596 	 0.784639
4.311324 	 0.778525
4.272846 	 0.771837
4.234174 	 0.764574
4.195318 	 0.756733
4.156288 	 0.748312
4.117095 	 0.739309
4.077750 	 0.729723
4.038262 	 0.719552
3.998643 	 0.708796
3.958904 	 0.697454
3.919055 	 0.685524
3.879106 	 0.673005
3.839069 	 0.659899
3.798953 	 0.646203
3.758770 	 0.631919
3.718531 	 0.617047
3.678246 	 0.601586
3.637926 	 0.585537
3.597582 	 0.568901
3.557223 	 0.551678
3.516862 	 0.533871
3.476508 	 0.515479
3.436173 	 0.496505
3.395866 	 0.476950
3.355600 	 0.456816
3.315383 	 0.436105
3.275226 	 0.414818
3.235141 	 0.392959
3.195138 	 0.370530
3.155226 	 0.347533
3.115417 	 0.323971
3.075721 	 0.299848
3.036148 	 0.275166
2.996708 	 0.249930
2.957411 	 0.224142
2.918269 	 0.197807
2.879289 	 0.170928
2.840484 	 0.143510
2.801862 	 0.115556
2.763433 	 0.087071
2.725208 	 0.058061
2.687195 	 0.028528
2.649405 	 -0.001520
2.611847 	 -0.032080
2.574531 	 -0.063146
2.537465 	 -0.094712
2.500659 	 -0.126774
2.464123 	 -0.159325
2.427865 	 -0.192359
2.391894 	 -0.225870
2.356220 	 -0.259852
2.320850 	 -0.294299
2.285795 	 -0.329204
2.251061 	 -0.364561
2.216658 	 -0.400362
2.182594 	 -0.436600
2.148876 	 -0.473269
2.115515 	 -0.510362
2.082516 	 -0.547870
2.049888 	 -0.585786
2.017639 	 -0.624104
1.985776 	 -0.662814
1.954307 	 -0.701909
1.923239 	 -0.741381
1.892579 	 -0.781222
1.862334 	 -0.821424
1.832511 	 -0.861977
1.803117 	 -0.902874
1.774158 	 -0.944107
1.745642 	 -0.985665
1.717573 	 -1.027541
1.689959 	 -1.069725
1.662805 	 -1.112208
1.636117 	 -1.154981
1.609900 	 -1.198036
1.584162 	 -1.241362
1.558905 	 -1.284950
1.534137 	 -1.328791
1.509862 	 -1.372874
1.486084 	 -1.417191
1.462809 	 -1.461731
1.440042 	 -1.506485
1.417785 	 -1.551442
1.396044 	 -1.596593
1.374823 	 -1.641928
1.354125 	 -1.687436
1.333955 	 -1.733107
1.314315 	 -1.778931
1.295210 	 -1.824898
1.276641 	 -1.870996
1.258613 	 -1.917217
1.241128 	 -1.963548
1.224188 	 -2.009981
1.207796 	 -2.056504
1.191955 	 -2.103106
1.176666 	 -2.149777
1.161932 	 -2.196506
1.147753 	 -2.243283
1.134132 	 -2.290097
1.121070 	 -2.336937
1.108568 	 -2.383792
1.096627 	 -2.430652
1.085248 	 -2.477505
1.074432 	 -2.524342
1.064178 	 -2.571150
1.054487 	 -2.617920
1.045360 	 -2.664641
1.036795 	 -2.711301
1.028794 	 -2.757890
1.021354 	 -2.804397
1.014476 	 -2.850811
1.008159 	 -2.897122
1.002402 	 -2.943319
0.997203 	 -2.989391
0.992561 	 -3.035328
0.988474 	 -3.081118
0.984941 	 -3.126751
0.981959 	 -3.172217
0.979528 	 -3.217505
0.977643 	 -3.262605
0.976303 	 -3.307505
0.975505 	 -3.352196
0.975246 	 -3.396667
0.975523 	 -3.440909
0.976334 	 -3.484910
0.977673 	 -3.528660
0.979539 	 -3.572150
0.981927 	 -3.615369
0.984833 	 -3.658308
0.988254 	 -3.700955
0.992184 	 -3.743303
0.996620 	 -3.785340
1.001558 	 -3.827058
1.006991 	 -3.868446
1.012916 	 -3.909495
1.019327 	 -3.950195
1.026219 	 -3.990538
1.033587 	 -4.030514
1.041425 	 -4.070114
1.049727 	 -4.109329
1.058488 	 -4.148150
1.067702 	 -4.186568
1.077362 	 -4.224574
1.087463 	 -4.262161
1.097997 	 -4.299319
1.108958 	 -4.336040
1.120339 	 -4.372316
1.132134 	 -4.408138
1.144336 	 -4.443499
1.156937 	 -4.478391
1.169930 	 -4.512807
1.183308 	 -4.546737
1.197063 	 -4.580176
1.211187 	 -4.613116
1.225673 	 -4.645549
1.240513 	 -4.677468
1.255699 	 -4.708867
1.271223 	 -4.739739
1.287075 	 -4.770077
1.303249 	 -4.799875
1.319736 	 -4.829126
1.336526 	 -4.857824
1.353612 	 -4.885964
1.370984 	 -4.913539
1.388634 	 -4.940544
1.406553 	 -4.966972
1.424731 	 -4.992820
1.443160 	 -5.018081
1.461830 	 -5.042751
1.480732 	 -5.066824
1.499856 	 -5.090296
1.519193 	 -5.113162
1.538734 	 -5.135419
1.558469 	 -5.157061
1.578387 	 -5.178085
1.598480 	 -5.198487
1.618738 	 -5.218263
1.639150 	 -5.237410
1.659706 	 -5.255924
1.680398 	 -5.273803
1.701214 	 -5.291043
1.722144 	 -5.307641
1.743179 	 -5.323595
1.764308 	 -5.338902
1.785521 	 -5.353561
1.806808 	 -5.367569
1.828158 	 -5.380924
1.849562 	 -5.393625
1.871008 	 -5.405670
1.892486 	 -5.417057
1.913986 	 -5.427786
1.935498 	 -5.437856
1.957012 	 -5.447265
1.978516 	 -5.456014
2.000000 	 -5.464102
2.021454 	 -5.471528
2.042868 	 -5.478293
2.064231 	 -5.484397
2.085532 	 -5.489840
2.106762 	 -5.494622
2.127909 	 -5.498745
2.148964 	 -5.502210
2.169916 	 -5.505017
2.190755 	 -5.507167
2.211470 	 -5.508663
2.232052 	 -5.509505
2.252489 	 -5.509696
2.272772 	 -5.509238
2.292891 	 -5.508132
2.312835 	 -5.506382
2.332594 	 -5.503990
2.352159 	 -5.500958
2.371519 	 -5.497289
2.390664 	 -5.492987
2.409585 	 -5.488055
2.428271 	 -5.482496
2.446713 	 -5.476314
2.464902 	 -5.469512
2.482827 	 -5.462095
2.500479 	 -5.454067
2.517849 	 -5.445432
2.534928 	 -5.436195
2.551705 	 -5.426360
2.568172 	 -5.415931
2.584319 	 -5.404915
2.600138 	 -5.393316
2.615620 	 -5.381140
2.630755 	 -5.368391
2.645536 	 -5.355076
2.659952 	 -5.341200
2.673997 	 -5.326769
2.687661 	 -5.311790
2.700936 	 -5.296269
2.713814 	 -5.280211
2.726286 	 -5.263624
2.738345 	 -5.246514
2.749983 	 -5.228888
2.761193 	 -5.210753
2.771965 	 -5.192116
2.782294 	 -5.172984
2.792171 	 -5.153365
2.801590 	 -5.133266
2.810543 	 -5.112695
2.819024 	 -5.091660
2.827025 	 -5.070168
2.834539 	 -5.048227
2.841561 	 -5.025846
2.848084 	 -5.003033
2.854102 	 -4.979797
2.859608 	 -4.956144
2.864597 	 -4.932086
2.869062 	 -4.907629
2.872999 	 -4.882782
2.876401 	 -4.857556
2.879264 	 -4.831958
2.881581 	 -4.805998
2.883349 	 -4.779685
2.884562 	 -4.753028
2.885216 	 -4.726036
2.885306 	 -4.698720
2.884828 	 -4.671088
2.883777 	 -4.643151
2.882149 	 -4.614917
2.879942 	 -4.586397
2.877150 	 -4.557600
2.873771 	 -4.528537
2.869801 	 -4.499217
2.865237 	 -4.469650
2.860076 	 -4.439847
2.854315 	 -4.409818
2.847952 	 -4.379572
2.840984 	 -4.349120
2.833410 	 -4.318473
2.825226 	 -4.287640
2.816431 	 -4.256632
2.807023 	 -4.225459
2.797002 	 -4.194133
2.786364 	 -4.162662
2.775110 	 -4.131059
2.763238 	 -4.099333
2.750748 	 -4.067494
2.737639 	 -4.035554
2.723910 	 -4.003524
2.709561 	 -3.971412
2.694593 	 -3.939231
2.679005 	 -3.906991
2.662797 	 -3.874701
2.645971 	 -3.842374
2.628526 	 -3.810020
2.610465 	 -3.777648
2.591787 	 -3.745270
2.572494 	 -3.712896
2.552587 	 -3.680537
2.532069 	 -3.648203
2.510941 	 -3.615905
2.489204 	 -3.583653
2.466862 	 -3.551458
2.443916 	 -3.519330
2.420369 	 -3.487279
2.396223 	 -3.455315
2.371482 	 -3.423450
2.346149 	 -3.391693
2.320227 	 -3.360054
2.293719 	 -3.328543
2.266629 	 -3.297171
2.238960 	 -3.265947
2.210718 	 -3.234882
2.181905 	 -3.203985
2.152526 	 -3.173266
2.122585 	 -3.142735
2.092088 	 -3.112402
2.061039 	 -3.082275
2.029443 	 -3.052365
1.997305 	 -3.022681
1.964630 	 -2.993233
1.931424 	 -2.964029
1.897693 	 -2.935078
1.863442 	 -2.906390
1.828678 	 -2.877974
1.793406 	 -2.849839
1.757632 	 -2.821993
1.721363 	 -2.794445
1.684606 	 -2.767203
1.647368 	 -2.740276
1.609654 	 -2.713673
1.571473 	 -2.687401
1.532831 	 -2.661468
1.493735 	 -2.635883
1.454194 	 -2.610653
1.414214 	 -2.585786
1.373803 	 -2.561290
1.332969 	 -2.537172
1.291720 	 -2.513440
1.250064 	 -2.490099
1.208010 	 -2.467159
1.165565 	 -2.444625
1.122738 	 -2.422504
1.079538 	 -2.400804
1.035973 	 -2.379529
0.992051 	 -2.358688
0.947783 	 -2.338285
0.903177 	 -2.318327
0.858241 	 -2.298820
0.812986 	 -2.279770
0.767421 	 -2.261182
0.721554 	 -2.243061
0.675396 	 -2.225413
0.628955 	 -2.208243
0.582242 	 -2.191556
0.535267 	 -2.175356
0.488039 	 -2.159649
0.440567 	 -2.144438
0.392863 	 -2.129728
0.344936 	 -2.115522
0.296797 	 -2.101826
0.248455 	 -2.088642
0.199920 	 -2.075975
0.151204 	 -2.063826
0.102316 	 -2.052201
0.053266 	 -2.041102
0.004067 	 -2.030531
-0.045274 	 -2.020492
-0.094743 	 -2.010986
-0.144332 	 -2.002017
-0.194029 	 -1.993586
-0.243823 	 -1.985696
-0.293705 	 -1.978347
-0.343663 	 -1.971543
-0.393686 	 -1.965283
-0.443764 	 -1.959570
-0.493885 	 -1.954404
-0.544040 	 -1.949787
-0.594216 	 -1.945719
-0.644404 	 -1.942200
-0.694593 	 -1.939231
-0.744771 	 -1.936812
-0.794927 	 -1.934943
-0.845052 	 -1.933624
-0.895133 	 -1.932853
-0.945161 	 -1.932632
-0.995123 	 -1.932958
-1.045011 	 -1.933831
-1.094812 	 -1.935250
-1.144516 	 -1.937214
-1.194112 	 -1.939720
-1.243589 	 -1.942767
-1.292938 	 -1.946354
-1.342146 	 -1.950478
-1.391205 	 -1.955137
-1.440102 	 -1.960328
-1.488827 	 -1.966049
-1.537371 	 -1.972297
-1.585722 	 -1.979070
-1.633870 	 -1.986363
-1.681805 	 -1.994175
-1.729517 	 -2.002500
-1.776995 	 -2.011336
-1.824229 	 -2.020679
-1.871210 	 -2.030524
-1.917927 	 -2.040868
-1.964370 	 -2.051706
-2.010530 	 -2.063034
-2.056397 	 -2.074846
-2.101961 	 -2.087139
-2.147213 	 -2.099907
-2.192143 	 -2.113145
-2.236741 	 -2.126848
-2.280999 	 -2.141009
-2.324907 	 -2.155625
-2.368457 	 -2.170687
-2.411638 	 -2.186192
-2.454443 	 -2.202132
-2.496863 	 -2.218502
-2.538888 	 -2.235295
-2.580511 	 -2.252504
-2.621723 	 -2.270123
-2.662515 	 -2.288144
-2.702880 	 -2.306562
-2.742809 	 -2.325369
-2.782294 	 -2.344557
-2.821328 	 -2.364119
-2.859903 	 -2.384049
-2.898012 	 -2.404337
-2.935646 	 -2.424976
-2.972800 	 -2.445960
-3.009465 	 -2.467278
-3.045634 	 -2.488924
-3.081302 	 -2.510889
-3.116460 	 -2.533165
-3.151104 	 -2.555743
-3.185225 	 -2.578615
-3.218818 	 -2.601772
-3.251877 	 -2.625205
-3.284397 	 -2.648905
-3.316370 	 -2.672864
-3.347792 	 -2.697073
-3.378657 	 -2.721521
-3.408960 	 -2.746201
-3.438695 	 -2.771102
-3.467858 	 -2.796215
-3.496445 	 -2.821531
-3.524449 	 -2.847040
-3.551868 	 -2.872733
-3.578696 	 -2.898599
-3.604930 	 -2.924629
-3.630565 	 -2.950814
-3.655598 	 -2.977142
-3.680025 	 -3.003605
-3.703843 	 -3.030192
-3.727048 	 -3.056892
-3.749638 	 -3.083697
-3.771610 	 -3.110596
-3.792961 	 -3.137578
-3.813688 	 -3.164633
-3.833790 	 -3.191751
-3.853263 	 -3.218921
-3.872106 	 -3.246134
-3.890318 	 -3.273379
-3.907896 	 -3.300645
-3.924840 	 -3.327921
-3.941147 	 -3.355199
-3.956818 	 -3.382466
-3.971851 	 -3.409712
-3.986245 	 -3.436928
-4.000000 	 -3.464102
-4.013116 	 -3.491223
-4.025592 	 -3.518283
-4.037429 	 -3.545269
-4.048627 	 -3.572171
-4.059187 	 -3.598979
-4.069108 	 -3.625683
-4.078393 	 -3.652271
-4.087041 	 -3.678734
-4.095054 	 -3.705061
-4.102433 	 -3.731242
-4.109181 	 -3.757266
-4.115298 	 -3.783123
-4.120787 	 -3.808803
-4.125649 	 -3.834295
-4.129888 	 -3.859589
-4.133505 	 -3.884676
-4.136503 	 -3.909544
-4.138885 	 -3.934184
-4.140654 	 -3.958586
-4.141813 	 -3.982740
-4.142365 	 -4.006636
-4.142315 	 -4.030264
-4.141665 	 -4.053615
-4.140420 	 -4.076678
-4.138584 	 -4.099445
-4.136160 	 -4.121905
-4.133154 	 -4.144049
-4.129570 	 -4.165868
-4.125412 	 -4.187352
-4.120685 	 -4.208493
-4.115395 	 -4.229280
-4.109547 	 -4.249706
-4.103145 	 -4.269761
-4.096197 	 -4.289437
-4.088706 	 -4.308724
-4.080680 	 -4.327614
-4.072124 	 -4.346098
-4.063044 	 -4.364169
-4.053446 	 -4.381817
-4.043337 	 -4.399035
-4.032724 	 -4.415814
-4.021614 	 -4.432148
-4.010012 	 -4.448027
-3.997926 	 -4.463444
-3.985364 	 -4.478391
-3.972332 	 -4.492862
-3.958838 	 -4.506849
-3.944890 	 -4.520344
-3.930495 	 -4.533341
-3.915661 	 -4.545832
-3.900395 	 -4.557812
-3.884707 	 -4.569273
-3.868603 	 -4.580209
-3.852093 	 -4.590613
-3.835184 	 -4.600480
-3.817886 	 -4.609803
-3.800206 	 -4.618577
-3.782154 	 -4.626796
-3.763738 	 -4.634454
-3.744967 	 -4.641545
-3.725850 	 -4.648066
-3.706396 	 -4.654010
-3.686614 	 -4.659372
-3.666515 	 -4.664149
-3.646106 	 -4.668335
-3.625398 	 -4.671925
-3.604399 	 -4.674917
-3.583120 	 -4.677304
-3.561570 	 -4.679085
-3.539759 	 -4.680255
-3.517697 	 -4.680810
-3.495393 	 -4.680747
-3.472858 	 -4.680062
-3.450101 	 -4.678754
-3.427133 	 -4.676818
-3.403963 	 -4.674253
-3.380602 	 -4.671055
-3.357059 	 -4.667223
-3.333346 	 -4.662754
-3.309472 	 -4.657647
-3.285448 	 -4.651899
-3.261284 	 -4.645509
-3.236990 	 -4.638476
-3.212577 	 -4.630798
-3.188055 	 -4.622475
-3.163435 	 -4.613505
-3.138726 	 -4.603888
-3.113940 	 -4.593623
-3.089087 	 -4.582711
-3.064178 	 -4.571150
-3.039222 	 -4.558942
-3.014231 	 -4.546086
-2.989214 	 -4.532583
-2.964183 	 -4.518433
-2.939148 	 -4.503638
-2.914119 	 -4.488198
-2.889107 	 -4.472114
-2.864122 	 -4.455389
-2.839174 	 -4.438023
-2.814274 	 -4.420018
-2.789433 	 -4.401376
-2.764660 	 -4.382100
-2.739966 	 -4.362191
-2.715361 	 -4.341652
-2.690855 	 -4.320486
-2.666458 	 -4.298696
-2.642181 	 -4.276284
-2.618034 	 -4.253254
-2.594026 	 -4.229609
-2.570168 	 -4.205354
-2.546469 	 -4.180490
-2.522940 	 -4.155023
-2.499589 	 -4.128957
-2.476427 	 -4.102295
-2.453463 	 -4.075043
-2.430708 	 -4.047205
-2.408169 	 -4.018785
-2.385858 	 -3.989788
-2.363782 	 -3.960221
-2.341951 	 -3.930087
-2.320375 	 -3.899392
-2.299062 	 -3.868143
-2.278022 	 -3.836344
-2.257262 	 -3.804001
-2.236793 	 -3.771122
-2.216622 	 -3.737711
-2.196758 	 -3.703776
-2.177210 	 -3.669322
-2.157985 	 -3.634356
-2.139092 	 -3.598886
-2.120540 	 -3.562919
-2.102335 	 -3.526460
-2.084487 	 -3.489518
-2.067002 	 -3.452100
-2.049888 	 -3.414214
-2.033153 	 -3.375866
-2.016804 	 -3.337066
-2.000848 	 -3.297820
-1.985292 	 -3.258137
-1.970144 	 -3.218026
-1.955410 	 -3.177493
-1.941096 	 -3.136549
-1.927209 	 -3.095200
-1.913756 	 -3.053457
-1.900743 	 -3.011327
-1.888176 	 -2.968820
-1.876060 	 -2.925944
-1.864402 	 -2.882709
-1.853206 	 -2.839123
-1.842480 	 -2.795197
-1.832227 	 -2.750939
-1.822453 	 -2.706358
-1.813163 	 -2.661466
-1.804362 	 -2.616270
-1.796054 	 -2.570781
-1.788244 	 -2.525008
-1.780936 	 -2.478962
-1.774135 	 -2.432653
-1.767844 	 -2.386090
-1.762067 	 -2.339283
-1.756807 	 -2.292243
-1.752069 	 -2.244981
-1.747855 	 -2.197505
-1.744169 	 -2.149827
-1.741013 	 -2.101957
-1.738390 	 -2.053906
-1.736303 	 -2.005683
-1.734755 	 -1.957300
-1.733746 	 -1.908768
-1.733280 	 -1.860096
-1.733359 	 -1.811295
-1.733983 	 -1.762377
-1.735155 	 -1.713352
-1.736875 	 -1.664230
-1.739145 	 -1.615022
-1.741966 	 -1.565740
-1.745339 	 -1.516394
-1.749264 	 -1.466995
-1.753741 	 -1.417553
-1.758770 	 -1.368081
