6.000000 	 0.000000
5.999479 	 0.032722
5.997915 	 0.065430
5.995310 	 0.098107
5.991664 	 0.130739
5.986978 	 0.163310
5.981253 	 0.195806
5.974490 	 0.228211
5.966693 	 0.260511
5.957862 	 0.292691
5.948000 	 0.324735
5.937110 	 0.356629
5.925195 	 0.388358
5.912258 	 0.419907
5.898302 	 0.451261
5.883332 	 0.482406
5.867351 	 0.513327
5.850364 	 0.544009
5.832375 	 0.574439
5.813389 	 0.604601
5.793412 	 0.634482
5.772449 	 0.664067
5.750506 	 0.693342
5.727588 	 0.722293
5.703701 	 0.750907
5.678853 	 0.779168
5.653050 	 0.807065
5.626299 	 0.834583
5.598608 	 0.861708
5.569983 	 0.888428
5.540432 	 0.914729
5.509964 	 0.940598
5.478587 	 0.966023
5.446309 	 0.990990
5.413140 	 1.015486
5.379087 	 1.039501
5.344161 	 1.063020
5.308370 	 1.086032
5.271725 	 1.108525
5.234235 	 1.130486
5.195911 	 1.151906
5.156762 	 1.172771
5.116800 	 1.193070
5.076035 	 1.212794
5.034479 	 1.231929
4.992141 	 1.250466
4.949035 	 1.268395
4.905171 	 1.285704
4.860561 	 1.302383
4.815218 	 1.318424
4.769153 	 1.333815
4.722379 	 1.348547
4.674909 	 1.362612
4.626755 	 1.375999
4.577930 	 1.388700
4.528447 	 1.400706
4.478320 	 1.412009
4.427562 	 1.422600
4.376186 	 1.432472
4.324207 	 1.441616
4.271639 	 1.450026
4.218494 	 1.457693
4.164788 	 1.464611
4.110535 	 1.470773
4.055750 	 1.476172
4.000446 	 1.480802
3.944639 	 1.484657
3.888344 	 1.487731
3.831576 	 1.490018
3.774349 	 1.491514
3.716679 	 1.492212
3.658581 	 1.492108
3.600071 	 1.491198
3.541163 	 1.489477
3.481875 	 1.486942
3.422221 	 1.483587
3.362217 	 1.479411
3.301879 	 1.474409
3.241223 	 1.468579
3.180265 	 1.461918
3.119021 	 1.454423
3.057507 	 1.446093
2.995739 	 1.436925
2.933733 	 1.426918
2.871506 	 1.416070
2.809074 	 1.404381
2.746453 	 1.391849
2.683660 	 1.378474
2.620710 	 1.364255
2.557621 	 1.349194
2.494409 	 1.333289
2.431090 	 1.316542
2.367680 	 1.298954
2.304196 	 1.280525
2.240655 	 1.261257
2.177073 	 1.241151
2.113466 	 1.220210
2.049850 	 1.198436
1.986242 	 1.175830
1.922659 	 1.152397
1.859115 	 1.128139
1.795629 	 1.103059
1.732216 	 1.077161
1.668891 	 1.050449
1.605672 	 1.022926
1.542574 	 0.994598
1.479613 	 0.965468
1.416806 	 0.935542
1.354167 	 0.904825
1.291713 	 0.873323
1.229459 	 0.841040
1.167421 	 0.807984
1.105615 	 0.774160
1.044055 	 0.739574
0.982758 	 0.704234
0.921737 	 0.668146
0.861010 	 0.631318
0.800589 	 0.593757
0.740491 	 0.555471
0.680730 	 0.516468
0.621320 	 0.476756
0.562277 	 0.436343
0.503614 	 0.395238
0.445345 	 0.353451
0.387485 	 0.310990
0.330048 	 0.267864
0.273046 	 0.224083
0.216495 	 0.179658
0.160407 	 0.134598
0.104796 	 0.088913
0.049675 	 0.042614
-0.004944 	 -0.004289
-0.059048 	 -0.051783
-0.112623 	 -0.099860
-0.165658 	 -0.148506
-0.218140 	 -0.197711
-0.270058 	 -0.247463
-0.321399 	 -0.297749
-0.372153 	 -0.348559
-0.422306 	 -0.399879
-0.471849 	 -0.451697
-0.520770 	 -0.504001
-0.569058 	 -0.556777
-0.616704 	 -0.610013
-0.663695 	 -0.663695
-0.710023 	 -0.717811
-0.755677 	 -0.772346
-0.800648 	 -0.827287
-0.844926 	 -0.882621
-0.888501 	 -0.938333
-0.931366 	 -0.994409
-0.973510 	 -1.050835
-1.014926 	 -1.107597
-1.055605 	 -1.164680
-1.095539 	 -1.222070
-1.134720 	 -1.279752
-1.173141 	 -1.337711
-1.210794 	 -1.395931
-1.247672 	 -1.454399
-1.283769 	 -1.513099
-1.319078 	 -1.572016
-1.353592 	 -1.631134
-1.387306 	 -1.690437
-1.420213 	 -1.749911
-1.452309 	 -1.809539
-1.483587 	 -1.869307
-1.514044 	 -1.929197
-1.543673 	 -1.989195
-1.572471 	 -2.049285
-1.600434 	 -2.109449
-1.627557 	 -2.169674
-1.653837 	 -2.229941
-1.679271 	 -2.290237
-1.703855 	 -2.350543
-1.727586 	 -2.410844
-1.750463 	 -2.471124
-1.772482 	 -2.531367
-1.793642 	 -2.591556
-1.813941 	 -2.651675
-1.833377 	 -2.711708
-1.851950 	 -2.771639
-1.869658 	 -2.831450
-1.886500 	 -2.891127
-1.902477 	 -2.950653
-1.917588 	 -3.010011
-1.931834 	 -3.069185
-1.945215 	 -3.128159
-1.957731 	 -3.186918
-1.969384 	 -3.245444
-1.980174 	 -3.303722
-1.990105 	 -3.361735
-1.999177 	 -3.419468
-2.007392 	 -3.476905
-2.014753 	 -3.534029
-2.021262 	 -3.590826
-2.026923 	 -3.647278
-2.031739 	 -3.703371
-2.035713 	 -3.759089
-2.038848 	 -3.814417
-2.041149 	 -3.869338
-2.042621 	 -3.923838
-2.043267 	 -3.977901
-2.043092 	 -4.031513
-2.042101 	 -4.084657
-2.040300 	 -4.137320
-2.037695 	 -4.189486
-2.034290 	 -4.241140
-2.030092 	 -4.292269
-2.025108 	 -4.342857
-2.019343 	 -4.392891
-2.012805 	 -4.442356
-2.005501 	 -4.491238
-1.997438 	 -4.539523
-1.988623 	 -4.587197
-1.979064 	 -4.634247
-1.968770 	 -4.680659
-1.957748 	 -4.726421
-1.946006 	 -4.771518
-1.933554 	 -4.815939
-1.920401 	 -4.859669
-1.906555 	 -4.902697
-1.892025 	 -4.945011
-1.876822 	 -4.986597
-1.860955 	 -5.027444
-1.844434 	 -5.067541
-1.827269 	 -5.106875
-1.809470 	 -5.145434
-1.791049 	 -5.183209
-1.772015 	 -5.220186
-1.752379 	 -5.256357
-1.732153 	 -5.291710
-1.711349 	 -5.326235
-1.689977 	 -5.359921
-1.668048 	 -5.392759
-1.645576 	 -5.424738
-1.622572 	 -5.455850
-1.599048 	 -5.486085
-1.575016 	 -5.515433
-1.550489 	 -5.543887
-1.525479 	 -5.571438
-1.500000 	 -5.598076
-1.474064 	 -5.623795
-1.447683 	 -5.648586
-1.420873 	 -5.672441
-1.393644 	 -5.695354
-1.366012 	 -5.717317
-1.337989 	 -5.738323
-1.309590 	 -5.758367
-1.280828 	 -5.777440
-1.251716 	 -5.795538
-1.222270 	 -5.812655
-1.192502 	 -5.828784
-1.162428 	 -5.843922
-1.132062 	 -5.858062
-1.101417 	 -5.871200
-1.070509 	 -5.883332
-1.039351 	 -5.894453
-1.007959 	 -5.904560
-0.976347 	 -5.913648
-0.944530 	 -5.921715
-0.912523 	 -5.928758
-0.880340 	 -5.934773
-0.847997 	 -5.939758
-0.815508 	 -5.943712
-0.782889 	 -5.946631
-0.750154 	 -5.948514
-0.717318 	 -5.949360
-0.684397 	 -5.949168
-0.651405 	 -5.947937
-0.618358 	 -5.945666
-0.585271 	 -5.942356
-0.552159 	 -5.938005
-0.519037 	 -5.932615
-0.485920 	 -5.926186
-0.452823 	 -5.918719
-0.419762 	 -5.910215
-0.386751 	 -5.900675
-0.353805 	 -5.890102
-0.320941 	 -5.878497
-0.288171 	 -5.865862
-0.255513 	 -5.852201
-0.222979 	 -5.837515
-0.190586 	 -5.821809
-0.158348 	 -5.805084
-0.126280 	 -5.787346
-0.094397 	 -5.768598
-0.062713 	 -5.748845
-0.031242 	 -5.728090
0.000000 	 -5.706339
0.031000 	 -5.683597
0.061742 	 -5.659868
0.092213 	 -5.635159
0.122399 	 -5.609476
0.152286 	 -5.582824
0.181859 	 -5.555210
0.211105 	 -5.526641
0.240010 	 -5.497123
0.268560 	 -5.466664
0.296742 	 -5.435271
0.324543 	 -5.402952
0.351950 	 -5.369715
0.378948 	 -5.335567
0.405526 	 -5.300518
0.431671 	 -5.264576
0.457369 	 -5.227749
0.482608 	 -5.190048
0.507377 	 -5.151481
0.531662 	 -5.112057
0.555451 	 -5.071788
0.578733 	 -5.030683
0.601497 	 -4.988752
0.623730 	 -4.946005
0.645420 	 -4.902454
0.666558 	 -4.858109
0.687132 	 -4.812982
0.707130 	 -4.767084
0.726543 	 -4.720426
0.745360 	 -4.673021
0.763571 	 -4.624880
0.781165 	 -4.576015
0.798133 	 -4.526439
0.814466 	 -4.476164
0.830153 	 -4.425204
0.845186 	 -4.373570
0.859555 	 -4.321276
0.873253 	 -4.268336
0.886269 	 -4.214762
0.898597 	 -4.160569
0.910227 	 -4.105769
0.921153 	 -4.050378
0.931366 	 -3.994409
0.940858 	 -3.937876
0.949624 	 -3.880793
0.957656 	 -3.823176
0.964947 	 -3.765038
0.971490 	 -3.706395
0.977281 	 -3.647261
0.982312 	 -3.587651
0.986578 	 -3.527581
0.990073 	 -3.467066
0.992794 	 -3.406120
0.994733 	 -3.344761
0.995888 	 -3.283002
0.996253 	 -3.220860
0.995824 	 -3.158350
0.994598 	 -3.095488
0.992570 	 -3.032291
0.989738 	 -2.968774
0.986099 	 -2.904953
0.981649 	 -2.840844
0.976386 	 -2.776464
0.970308 	 -2.711828
0.963412 	 -2.646954
0.955698 	 -2.581856
0.947163 	 -2.516553
0.937807 	 -2.451059
0.927628 	 -2.385393
0.916627 	 -2.319569
0.904801 	 -2.253604
0.892152 	 -2.187516
0.878680 	 -2.121320
0.864384 	 -2.055034
0.849267 	 -1.988673
0.833328 	 -1.922254
0.816569 	 -1.855794
0.798992 	 -1.789310
0.780598 	 -1.722817
0.761390 	 -1.656332
0.741370 	 -1.589873
0.720540 	 -1.523454
0.698904 	 -1.457093
0.676464 	 -1.390806
0.653225 	 -1.324609
0.629189 	 -1.258519
0.604362 	 -1.192551
0.578746 	 -1.126723
0.552347 	 -1.061049
0.525170 	 -0.995547
0.497219 	 -0.930231
0.468500 	 -0.865118
0.439018 	 -0.800224
0.408779 	 -0.735564
0.377790 	 -0.671154
0.346057 	 -0.607010
0.313585 	 -0.543146
0.280383 	 -0.479578
0.246457 	 -0.416322
0.211815 	 -0.353392
0.176464 	 -0.290804
0.140412 	 -0.228572
0.103667 	 -0.166711
0.066238 	 -0.105235
0.028133 	 -0.044159
-0.010640 	 0.016502
-0.050071 	 0.076735
-0.090150 	 0.136526
-0.130870 	 0.195860
-0.172218 	 0.254724
-0.214187 	 0.313105
-0.256765 	 0.370989
-0.299943 	 0.428363
-0.343709 	 0.485213
-0.388054 	 0.541528
-0.432965 	 0.597294
-0.478432 	 0.652499
-0.524443 	 0.707130
-0.570988 	 0.761176
-0.618053 	 0.814624
-0.665628 	 0.867463
-0.713699 	 0.919681
-0.762255 	 0.971267
-0.811284 	 1.022210
-0.860771 	 1.072499
-0.910706 	 1.122123
-0.961074 	 1.171072
-1.011862 	 1.219335
-1.063058 	 1.266903
-1.114647 	 1.313765
-1.166616 	 1.359913
-1.218951 	 1.405336
-1.271639 	 1.450026
-1.324664 	 1.493974
-1.378014 	 1.537170
-1.431673 	 1.579608
-1.485628 	 1.621278
-1.539863 	 1.662173
-1.594364 	 1.702285
-1.649116 	 1.741607
-1.704105 	 1.780131
-1.759314 	 1.817851
-1.814730 	 1.854759
-1.870336 	 1.890851
-1.926119 	 1.926119
-1.982061 	 1.960557
-2.038148 	 1.994160
-2.094364 	 2.026923
-2.150694 	 2.058841
-2.207121 	 2.089909
-2.263631 	 2.120121
-2.320207 	 2.149475
-2.376833 	 2.177966
-2.433494 	 2.205590
-2.490173 	 2.232344
-2.546856 	 2.258225
-2.603524 	 2.283230
-2.660164 	 2.307355
-2.716758 	 2.330600
-2.773290 	 2.352961
-2.829744 	 2.374437
-2.886105 	 2.395027
-2.942356 	 2.414729
-2.998481 	 2.433542
-3.054463 	 2.451466
-3.110288 	 2.468500
-3.165938 	 2.484644
-3.221397 	 2.499898
-3.276650 	 2.514262
-3.331681 	 2.527738
-3.386473 	 2.540326
-3.441011 	 2.552028
-3.495279 	 2.562845
-3.549261 	 2.572778
-3.602940 	 2.581831
-3.656303 	 2.590004
-3.709331 	 2.597302
-3.762011 	 2.603726
-3.814327 	 2.609280
-3.866263 	 2.613968
-3.917803 	 2.617792
-3.968933 	 2.620758
-4.019637 	 2.622868
-4.069901 	 2.624129
-4.119708 	 2.624544
-4.169045 	 2.624118
-4.217897 	 2.622857
-4.266249 	 2.620766
-4.314085 	 2.617851
-4.361393 	 2.614118
-4.408158 	 2.609574
-4.454365 	 2.604224
-4.500000 	 2.598076
-4.545050 	 2.591137
-4.589501 	 2.583413
-4.633339 	 2.574913
-4.676551 	 2.565644
-4.719123 	 2.555613
-4.761043 	 2.544830
-4.802297 	 2.533303
-4.842873 	 2.521040
-4.882758 	 2.508050
-4.921940 	 2.494343
-4.960406 	 2.479927
-4.998144 	 2.464812
-5.035142 	 2.449008
-5.071390 	 2.432524
-5.106875 	 2.415372
-5.141585 	 2.397561
-5.175510 	 2.379101
-5.208640 	 2.360004
-5.240962 	 2.340280
-5.272468 	 2.319941
-5.303146 	 2.298998
-5.332986 	 2.277462
-5.361980 	 2.255345
-5.390116 	 2.232659
-5.417386 	 2.209416
-5.443781 	 2.185627
-5.469291 	 2.161306
-5.493909 	 2.136464
-5.517625 	 2.111115
-5.540432 	 2.085271
-5.562321 	 2.058945
-5.583286 	 2.032150
-5.603317 	 2.004899
-5.622409 	 1.977206
-5.640554 	 1.949084
-5.657746 	 1.920546
-5.673978 	 1.891607
-5.689244 	 1.862280
-5.703539 	 1.832579
-5.716855 	 1.802518
-5.729189 	 1.772111
-5.740535 	 1.741372
-5.750888 	 1.710317
-5.760244 	 1.678958
-5.768598 	 1.647311
-5.775947 	 1.615390
-5.782286 	 1.583210
-5.787612 	 1.550786
-5.791922 	 1.518132
-5.795214 	 1.485263
-5.797483 	 1.452194
-5.798729 	 1.418940
-5.798948 	 1.385516
-5.798140 	 1.351937
-5.796302 	 1.318217
-5.793433 	 1.284373
-5.789533 	 1.250419
-5.784601 	 1.216371
-5.778636 	 1.182243
-5.771639 	 1.148050
-5.763608 	 1.113809
-5.754546 	 1.079533
-5.744452 	 1.045239
-5.733329 	 1.010941
-5.721176 	 0.976654
-5.707995 	 0.942394
-5.693789 	 0.908176
-5.678560 	 0.874014
-5.662310 	 0.839924
-5.645041 	 0.805922
-5.626758 	 0.772021
-5.607462 	 0.738236
-5.587158 	 0.704584
-5.565850 	 0.671078
-5.543541 	 0.637733
-5.520236 	 0.604564
-5.495940 	 0.571586
-5.470658 	 0.538813
-5.444394 	 0.506259
-5.417154 	 0.473940
-5.388944 	 0.441868
-5.359771 	 0.410059
-5.329639 	 0.378527
-5.298557 	 0.347286
-5.266530 	 0.316349
-5.233566 	 0.285730
-5.199671 	 0.255443
-5.164854 	 0.225502
-5.129123 	 0.195920
-5.092485 	 0.166711
-5.054949 	 0.137887
-5.016523 	 0.109461
-4.977216 	 0.081447
-4.937037 	 0.053857
-4.895996 	 0.026704
-4.854102 	 0.000000
-4.811364 	 -0.026242
-4.767794 	 -0.052011
-4.723400 	 -0.077293
-4.678193 	 -0.102079
-4.632185 	 -0.126355
-4.585385 	 -0.150110
-4.537806 	 -0.173333
-4.489457 	 -0.196014
-4.440352 	 -0.218140
-4.390501 	 -0.239702
-4.339916 	 -0.260689
-4.288610 	 -0.281090
-4.236594 	 -0.300896
-4.183882 	 -0.320096
-4.130486 	 -0.338681
-4.076419 	 -0.356640
-4.021694 	 -0.373966
-3.966323 	 -0.390649
-3.910322 	 -0.406679
-3.853702 	 -0.422049
-3.796478 	 -0.436750
-3.738664 	 -0.450773
-3.680273 	 -0.464111
-3.621320 	 -0.476756
-3.561820 	 -0.488700
-3.501786 	 -0.499937
-3.441234 	 -0.510459
-3.380177 	 -0.520259
-3.318632 	 -0.529331
-3.256612 	 -0.537669
-3.194134 	 -0.545266
-3.131212 	 -0.552117
-3.067861 	 -0.558216
-3.004098 	 -0.563558
-2.939937 	 -0.568138
-2.875395 	 -0.571952
-2.810487 	 -0.574993
-2.745229 	 -0.577260
-2.679637 	 -0.578746
-2.613727 	 -0.579449
-2.547515 	 -0.579366
-2.481017 	 -0.578492
-2.414250 	 -0.576825
-2.347229 	 -0.574363
-2.279971 	 -0.571103
-2.212493 	 -0.567043
-2.144811 	 -0.562181
-2.076941 	 -0.556515
-2.008900 	 -0.550044
-1.940705 	 -0.542767
-1.872372 	 -0.534684
-1.803917 	 -0.525794
-1.735358 	 -0.516096
-1.666711 	 -0.505591
-1.597992 	 -0.494279
-1.529219 	 -0.482161
-1.460407 	 -0.469237
-1.391574 	 -0.455509
-1.322736 	 -0.440978
-1.253910 	 -0.425645
-1.185113 	 -0.409514
-1.116360 	 -0.392585
-1.047669 	 -0.374862
-0.979055 	 -0.356347
-0.910537 	 -0.337044
-0.842129 	 -0.316955
-0.773848 	 -0.296084
-0.705711 	 -0.274436
-0.637733 	 -0.252014
-0.569931 	 -0.228822
-0.502322 	 -0.204866
-0.434921 	 -0.180150
-0.367743 	 -0.154679
-0.300806 	 -0.128460
-0.234124 	 -0.101496
-0.167714 	 -0.073796
-0.101590 	 -0.045364
-0.035769 	 -0.016207
0.029734 	 0.013668
0.094904 	 0.044254
0.159725 	 0.075544
0.224183 	 0.107531
0.288263 	 0.140206
0.351950 	 0.173562
0.415229 	 0.207591
0.478085 	 0.242284
0.540506 	 0.277633
0.602475 	 0.313629
0.663979 	 0.350262
0.725005 	 0.387523
0.785537 	 0.425403
0.845564 	 0.463892
0.905071 	 0.502980
0.964044 	 0.542657
1.022472 	 0.582912
1.080341 	 0.623735
1.137638 	 0.665115
1.194350 	 0.707040
1.250466 	 0.749501
1.305973 	 0.792484
1.360860 	 0.835979
1.415113 	 0.879974
1.468722 	 0.924456
1.521676 	 0.969415
1.573963 	 1.014836
1.625572 	 1.060708
1.676493 	 1.107019
1.726715 	 1.153754
1.776227 	 1.200902
1.825020 	 1.248448
1.873084 	 1.296381
1.920409 	 1.344685
1.966986 	 1.393348
2.012805 	 1.442356
2.057858 	 1.491695
2.102136 	 1.541350
2.145631 	 1.591308
2.188334 	 1.641555
2.230237 	 1.692075
2.271333 	 1.742855
2.311614 	 1.793880
2.351074 	 1.845134
2.389704 	 1.896604
2.427499 	 1.948274
2.464452 	 2.000129
2.500557 	 2.052154
2.535808 	 2.104334
2.570200 	 2.156654
2.603726 	 2.209097
2.636382 	 2.261649
2.668164 	 2.314294
2.699066 	 2.367017
2.729084 	 2.419801
2.758214 	 2.472632
2.786453 	 2.525493
2.813796 	 2.578369
2.840242 	 2.631244
2.865786 	 2.684102
2.890427 	 2.736927
2.914161 	 2.789703
2.936988 	 2.842414
2.958904 	 2.895044
2.979908 	 2.947579
3.000000 	 3.000000
3.019178 	 3.052293
3.037441 	 3.104441
3.054790 	 3.156430
3.071223 	 3.208241
3.086741 	 3.259861
3.101345 	 3.311272
3.115035 	 3.362460
3.127812 	 3.413408
3.139677 	 3.464100
3.150633 	 3.514521
3.160680 	 3.564655
3.169820 	 3.614487
3.178057 	 3.664001
3.185392 	 3.713180
3.191829 	 3.762011
3.197370 	 3.810478
3.202020 	 3.858565
3.205782 	 3.906256
3.208659 	 3.953538
3.210656 	 4.000395
3.211778 	 4.046812
3.212029 	 4.092774
3.211415 	 4.138267
3.209940 	 4.183275
3.207610 	 4.227785
3.204431 	 4.271782
3.200408 	 4.315251
3.195549 	 4.358179
3.189860 	 4.400552
3.183347 	 4.442356
3.176018 	 4.483576
3.167879 	 4.524201
3.158939 	 4.564215
3.149205 	 4.603606
3.138685 	 4.642360
3.127387 	 4.680466
3.115320 	 4.717909
3.102492 	 4.754677
3.088913 	 4.790758
3.074590 	 4.826140
3.059535 	 4.860811
3.043756 	 4.894758
3.027263 	 4.927969
3.010065 	 4.960434
2.992174 	 4.992141
2.973600 	 5.023079
2.954352 	 5.053237
2.934443 	 5.082604
2.913882 	 5.111170
2.892681 	 5.138924
2.870852 	 5.165856
2.848405 	 5.191957
2.825353 	 5.217216
2.801707 	 5.241625
2.777479 	 5.265174
2.752683 	 5.287854
2.727329 	 5.309657
2.701430 	 5.330573
2.675000 	 5.350595
2.648050 	 5.369715
2.620595 	 5.387924
2.592646 	 5.405216
2.564218 	 5.421583
2.535323 	 5.437019
2.505976 	 5.451515
2.476189 	 5.465066
2.445977 	 5.477665
2.415353 	 5.489307
2.384332 	 5.499986
2.352927 	 5.509696
2.321152 	 5.518432
2.289022 	 5.526189
2.256552 	 5.532963
2.223756 	 5.538748
2.190647 	 5.543541
2.157242 	 5.547339
2.123554 	 5.550136
2.089599 	 5.551931
2.055391 	 5.552720
2.020945 	 5.552499
1.986276 	 5.551268
1.951399 	 5.549023
1.916329 	 5.545763
1.881081 	 5.541486
1.845671 	 5.536191
1.810113 	 5.529876
1.774423 	 5.522540
1.738616 	 5.514184
1.702706 	 5.504807
1.666711 	 5.494409
1.630644 	 5.482990
1.594520 	 5.470551
1.558356 	 5.457093
1.522166 	 5.442617
1.485966 	 5.427124
1.449770 	 5.410617
1.413595 	 5.393096
1.377454 	 5.374566
1.341364 	 5.355027
1.305340 	 5.334483
1.269396 	 5.312938
1.233547 	 5.290394
1.197808 	 5.266855
1.162195 	 5.242325
1.126723 	 5.216809
1.091405 	 5.190311
1.056257 	 5.162835
1.021293 	 5.134387
0.986528 	 5.104973
0.951977 	 5.074597
0.917653 	 5.043266
0.883572 	 5.010986
0.849747 	 4.977763
0.816192 	 4.943604
0.782922 	 4.908516
0.749950 	 4.872505
0.717291 	 4.835580
0.684957 	 4.797749
0.652962 	 4.759018
0.621320 	 4.719397
0.590045 	 4.678893
0.559148 	 4.637516
0.528644 	 4.595274
0.498544 	 4.552176
0.468863 	 4.508233
0.439612 	 4.463453
0.410803 	 4.417847
0.382450 	 4.371424
0.354564 	 4.324195
0.327157 	 4.276171
0.300240 	 4.227362
0.273826 	 4.177779
0.247926 	 4.127433
0.222550 	 4.076336
0.197711 	 4.024500
0.173418 	 3.971936
0.149683 	 3.918657
0.126516 	 3.864674
0.103927 	 3.810000
0.081927 	 3.754647
0.060524 	 3.698629
0.039729 	 3.641958
0.019551 	 3.584648
0.000000 	 3.526712
-0.018916 	 3.468162
-0.037188 	 3.409014
-0.054807 	 3.349281
-0.071766 	 3.288977
-0.088055 	 3.228115
-0.103667 	 3.166711
-0.118595 	 3.104778
-0.132831 	 3.042332
-0.146368 	 2.979386
-0.159199 	 2.915957
-0.171317 	 2.852058
-0.182716 	 2.787706
-0.193390 	 2.722914
-0.203332 	 2.657699
-0.212538 	 2.592076
-0.221002 	 2.526060
-0.228718 	 2.459668
-0.235682 	 2.392915
-0.241888 	 2.325816
-0.247334 	 2.258388
-0.252014 	 2.190647
-0.255924 	 2.122609
-0.259062 	 2.054290
-0.261423 	 1.985707
-0.263005 	 1.916875
-0.263805 	 1.847811
-0.263820 	 1.778531
-0.263048 	 1.709053
-0.261488 	 1.639392
-0.259136 	 1.569565
-0.255993 	 1.499588
-0.252056 	 1.429479
-0.247325 	 1.359254
-0.241799 	 1.288930
-0.235478 	 1.218523
-0.228361 	 1.148050
-0.220450 	 1.077528
-0.211744 	 1.006974
-0.202244 	 0.936404
-0.191951 	 0.865834
-0.180866 	 0.795283
-0.168992 	 0.724766
-0.156329 	 0.654300
-0.142880 	 0.583901
-0.128647 	 0.513587
-0.113633 	 0.443374
-0.097841 	 0.373278
-0.081273 	 0.303316
-0.063934 	 0.233504
-0.045827 	 0.163859
-0.026956 	 0.094397
-0.007326 	 0.025134
0.013060 	 -0.043914
0.034196 	 -0.112730
0.056078 	 -0.181298
0.078700 	 -0.249603
0.102056 	 -0.317629
0.126141 	 -0.385360
0.150949 	 -0.452780
0.176473 	 -0.519874
0.202708 	 -0.586626
0.229645 	 -0.653021
0.257278 	 -0.719044
0.285600 	 -0.784680
0.314603 	 -0.849913
0.344280 	 -0.914729
0.374621 	 -0.979113
0.405620 	 -1.043051
0.437268 	 -1.106528
0.469555 	 -1.169530
0.502474 	 -1.232043
0.536014 	 -1.294052
0.570167 	 -1.355545
0.604922 	 -1.416507
0.640270 	 -1.476924
0.676201 	 -1.536784
0.712705 	 -1.596074
0.749771 	 -1.654780
0.787388 	 -1.712889
0.825546 	 -1.770390
0.864234 	 -1.827269
0.903440 	 -1.883515
0.943152 	 -1.939115
0.983360 	 -1.994057
1.024051 	 -2.048331
1.065214 	 -2.101924
1.106836 	 -2.154825
1.148904 	 -2.207024
1.191407 	 -2.258510
1.234331 	 -2.309272
1.277664 	 -2.359299
1.321393 	 -2.408582
1.365505 	 -2.457111
1.409985 	 -2.504876
1.454822 	 -2.551867
1.500000 	 -2.598076
1.545507 	 -2.643494
1.591328 	 -2.688112
1.637450 	 -2.731921
1.683859 	 -2.774913
1.730539 	 -2.817081
1.777477 	 -2.858416
1.824659 	 -2.898911
1.872069 	 -2.938559
1.919693 	 -2.977354
1.967516 	 -3.015287
2.015524 	 -3.052354
2.063701 	 -3.088547
2.112032 	 -3.123861
2.160503 	 -3.158290
2.209097 	 -3.191829
2.257800 	 -3.224473
2.306596 	 -3.256216
2.355470 	 -3.287055
2.404407 	 -3.316985
2.453390 	 -3.346002
2.502405 	 -3.374102
2.551435 	 -3.401282
2.600465 	 -3.427539
2.649480 	 -3.452869
2.698463 	 -3.477271
2.747399 	 -3.500741
2.796272 	 -3.523277
2.845066 	 -3.544879
2.893766 	 -3.565544
2.942356 	 -3.585271
2.990819 	 -3.604059
3.039141 	 -3.621908
3.087306 	 -3.638816
3.135296 	 -3.654784
3.183098 	 -3.669813
3.230695 	 -3.683902
3.278072 	 -3.697052
3.325212 	 -3.709264
3.372101 	 -3.720540
3.418722 	 -3.730880
3.465061 	 -3.740288
3.511101 	 -3.748764
3.556827 	 -3.756312
3.602225 	 -3.762933
3.647278 	 -3.768632
3.691972 	 -3.773410
3.736291 	 -3.777272
3.780221 	 -3.780221
3.823745 	 -3.782261
3.866851 	 -3.783396
3.909522 	 -3.783632
3.951744 	 -3.782972
3.993503 	 -3.781422
4.034784 	 -3.778988
4.075573 	 -3.775674
4.115855 	 -3.771486
4.155616 	 -3.766431
4.194843 	 -3.760515
4.233522 	 -3.753745
4.271639 	 -3.746127
4.309180 	 -3.737668
4.346131 	 -3.728376
4.382481 	 -3.718258
4.418215 	 -3.707323
4.453321 	 -3.695577
4.487785 	 -3.683030
4.521596 	 -3.669690
4.554740 	 -3.655566
4.587206 	 -3.640666
4.618981 	 -3.624999
4.650053 	 -3.608576
4.680411 	 -3.591406
4.710043 	 -3.573498
4.738938 	 -3.554863
4.767084 	 -3.535511
4.794471 	 -3.515451
4.821087 	 -3.494696
4.846922 	 -3.473256
4.871967 	 -3.451141
4.896210 	 -3.428363
4.919641 	 -3.404933
4.942251 	 -3.380864
4.964031 	 -3.356166
4.984971 	 -3.330851
5.005063 	 -3.304933
5.024296 	 -3.278422
5.042663 	 -3.251332
5.060156 	 -3.223675
5.076766 	 -3.195463
5.092485 	 -3.166711
5.107306 	 -3.137430
5.121221 	 -3.107633
5.134224 	 -3.077335
5.146307 	 -3.046549
5.157463 	 -3.015288
5.167687 	 -2.983566
5.176973 	 -2.951396
5.185313 	 -2.918794
5.192703 	 -2.885772
5.199138 	 -2.852345
5.204612 	 -2.818527
5.209120 	 -2.784333
5.212659 	 -2.749777
5.215223 	 -2.714873
5.216809 	 -2.679637
5.217413 	 -2.644083
5.217031 	 -2.608225
5.215661 	 -2.572079
5.213299 	 -2.535660
5.209943 	 -2.498982
5.205590 	 -2.462061
5.200239 	 -2.424911
5.193887 	 -2.387548
5.186533 	 -2.349988
5.178176 	 -2.312244
5.168815 	 -2.274333
5.158449 	 -2.236270
5.147078 	 -2.198070
5.134702 	 -2.159748
5.121320 	 -2.121320
5.106934 	 -2.082802
5.091544 	 -2.044207
5.075151 	 -2.005553
5.057756 	 -1.966854
5.039361 	 -1.928125
5.019968 	 -1.889382
4.999579 	 -1.850640
4.978196 	 -1.811915
4.955822 	 -1.773222
4.932461 	 -1.734575
4.908114 	 -1.695990
4.882787 	 -1.657483
4.856482 	 -1.619068
4.829204 	 -1.580760
4.800957 	 -1.542574
4.771746 	 -1.504526
4.741576 	 -1.466629
4.710451 	 -1.428900
4.678378 	 -1.391352
4.645362 	 -1.354000
4.611409 	 -1.316858
4.576525 	 -1.279942
4.540717 	 -1.243265
4.503992 	 -1.206841
4.466356 	 -1.170685
4.427818 	 -1.134811
4.388383 	 -1.099233
4.348061 	 -1.063964
4.306860 	 -1.029018
4.264787 	 -0.994409
4.221851 	 -0.960150
4.178061 	 -0.926254
4.133427 	 -0.892735
4.087956 	 -0.859605
4.041660 	 -0.826877
3.994547 	 -0.794565
3.946627 	 -0.762680
3.897912 	 -0.731235
3.848410 	 -0.700242
3.798133 	 -0.669713
3.747092 	 -0.639661
3.695298 	 -0.610096
3.642762 	 -0.581031
3.589496 	 -0.552476
3.535511 	 -0.524443
3.480819 	 -0.496944
3.425432 	 -0.469987
3.369363 	 -0.443585
3.312625 	 -0.417748
3.255229 	 -0.392485
3.197189 	 -0.367807
3.138518 	 -0.343724
3.079229 	 -0.320244
3.019335 	 -0.297379
2.958850 	 -0.275135
2.897789 	 -0.253524
2.836164 	 -0.232552
2.773989 	 -0.212229
2.711280 	 -0.192563
2.648050 	 -0.173562
2.584314 	 -0.155234
2.520087 	 -0.137586
2.455383 	 -0.120625
2.390217 	 -0.104359
2.324605 	 -0.088794
2.258561 	 -0.073938
2.192101 	 -0.059795
2.125240 	 -0.046373
2.057994 	 -0.033677
1.990379 	 -0.021713
1.922409 	 -0.010485
1.854102 	 0.000000
1.785472 	 0.009738
1.716537 	 0.018725
1.647311 	 0.026956
1.577812 	 0.034428
1.508055 	 0.041136
1.438056 	 0.047077
1.367833 	 0.052248
1.297402 	 0.056646
1.226778 	 0.060268
1.155979 	 0.063111
1.085021 	 0.065175
1.013921 	 0.066456
0.942696 	 0.066953
0.871362 	 0.066665
0.799935 	 0.065591
0.728434 	 0.063730
0.656873 	 0.061081
0.585271 	 0.057644
0.513644 	 0.053420
0.442008 	 0.048408
0.370381 	 0.042609
0.298779 	 0.036024
0.227219 	 0.028654
0.155718 	 0.020501
0.084292 	 0.011565
0.012959 	 0.001850
-0.058266 	 -0.008643
-0.129366 	 -0.019911
-0.200324 	 -0.031952
-0.271123 	 -0.044763
-0.341747 	 -0.058339
-0.412180 	 -0.072679
-0.482406 	 -0.087777
-0.552407 	 -0.103630
-0.622169 	 -0.120233
-0.691674 	 -0.137582
-0.760907 	 -0.155673
-0.829851 	 -0.174499
-0.898491 	 -0.194056
-0.966812 	 -0.214337
-1.034797 	 -0.235337
-1.102430 	 -0.257051
-1.169698 	 -0.279470
-1.236583 	 -0.302590
-1.303070 	 -0.326402
-1.369146 	 -0.350900
-1.434794 	 -0.376077
-1.500000 	 -0.401924
-1.564749 	 -0.428434
-1.629027 	 -0.455599
-1.692818 	 -0.483410
-1.756110 	 -0.511859
-1.818887 	 -0.540938
-1.881135 	 -0.570636
-1.942842 	 -0.600946
-2.003992 	 -0.631856
-2.064574 	 -0.663359
-2.124572 	 -0.695443
-2.183975 	 -0.728100
-2.242769 	 -0.761318
-2.300942 	 -0.795086
-2.358480 	 -0.829395
-2.415372 	 -0.864234
-2.471605 	 -0.899591
-2.527167 	 -0.935454
-2.582047 	 -0.971814
-2.636232 	 -1.008657
-2.689712 	 -1.045972
-2.742475 	 -1.083747
-2.794510 	 -1.121970
-2.845807 	 -1.160628
-2.896354 	 -1.199709
-2.946143 	 -1.239201
-2.995161 	 -1.279089
-3.043401 	 -1.319363
-3.090851 	 -1.360007
-3.137503 	 -1.401009
-3.183347 	 -1.442356
-3.228375 	 -1.484033
-3.272578 	 -1.526028
-3.315947 	 -1.568326
-3.358474 	 -1.610914
-3.400152 	 -1.653776
-3.440972 	 -1.696900
-3.480928 	 -1.740270
-3.520011 	 -1.783873
-3.558216 	 -1.827693
-3.595535 	 -1.871717
-3.631962 	 -1.915929
-3.667491 	 -1.960315
-3.702116 	 -2.004859
-3.735831 	 -2.049547
-3.768632 	 -2.094364
-3.800512 	 -2.139294
-3.831468 	 -2.184323
-3.861494 	 -2.229434
-3.890586 	 -2.274614
-3.918742 	 -2.319846
-3.945956 	 -2.365115
-3.972225 	 -2.410405
-3.997546 	 -2.455702
-4.021917 	 -2.500989
-4.045334 	 -2.546251
-4.067796 	 -2.591472
-4.089300 	 -2.636637
-4.109845 	 -2.681730
-4.129429 	 -2.726736
-4.148050 	 -2.771639
-4.165709 	 -2.816423
-4.182404 	 -2.861072
-4.198135 	 -2.905572
-4.212902 	 -2.949906
-4.226705 	 -2.994059
-4.239545 	 -3.038015
-4.251422 	 -3.081759
-4.262337 	 -3.125275
-4.272293 	 -3.168548
-4.281289 	 -3.211563
-4.289329 	 -3.254303
-4.296414 	 -3.296755
-4.302547 	 -3.338901
-4.307731 	 -3.380729
-4.311968 	 -3.422221
-4.315261 	 -3.463363
-4.317615 	 -3.504141
-4.319033 	 -3.544539
-4.319519 	 -3.584542
-4.319078 	 -3.624137
-4.317713 	 -3.663307
-4.315431 	 -3.702039
-4.312235 	 -3.740318
-4.308132 	 -3.778130
-4.303127 	 -3.815461
-4.297226 	 -3.852297
-4.290435 	 -3.888623
-4.282760 	 -3.924426
-4.274208 	 -3.959693
-4.264787 	 -3.994409
-4.254503 	 -4.028561
-4.243363 	 -4.062136
-4.231376 	 -4.095121
-4.218548 	 -4.127503
-4.204889 	 -4.159269
-4.190407 	 -4.190407
-4.175109 	 -4.220903
-4.159006 	 -4.250746
-4.142106 	 -4.279923
-4.124418 	 -4.308423
-4.105951 	 -4.336233
-4.086716 	 -4.363343
-4.066723 	 -4.389740
-4.045981 	 -4.415413
-4.024500 	 -4.440352
-4.002292 	 -4.464545
-3.979367 	 -4.487982
-3.955736 	 -4.510652
-3.931410 	 -4.532546
-3.906400 	 -4.553653
-3.880718 	 -4.573963
-3.854376 	 -4.593467
-3.827385 	 -4.612155
-3.799758 	 -4.630019
-3.771506 	 -4.647048
-3.742642 	 -4.663236
-3.713179 	 -4.678572
-3.683129 	 -4.693050
-3.652505 	 -4.706661
-3.621320 	 -4.719397
-3.589588 	 -4.731250
-3.557321 	 -4.742214
-3.524532 	 -4.752282
-3.491237 	 -4.761446
-3.457447 	 -4.769700
-3.423177 	 -4.777039
-3.388442 	 -4.783455
-3.353254 	 -4.788943
-3.317629 	 -4.793499
-3.281580 	 -4.797115
-3.245122 	 -4.799789
-3.208269 	 -4.801514
-3.171036 	 -4.802286
-3.133438 	 -4.802102
-3.095488 	 -4.800957
-3.057204 	 -4.798848
-3.018598 	 -4.795772
-2.979686 	 -4.791725
-2.940483 	 -4.786704
-2.901005 	 -4.780708
-2.861265 	 -4.773733
-2.821281 	 -4.765778
-2.781066 	 -4.756841
-2.740636 	 -4.746921
-2.700007 	 -4.736017
-2.659194 	 -4.724128
-2.618212 	 -4.711252
-2.577077 	 -4.697391
-2.535804 	 -4.682544
-2.494409 	 -4.666711
-2.452907 	 -4.649892
-2.411313 	 -4.632090
-2.369644 	 -4.613304
-2.327914 	 -4.593536
-2.286139 	 -4.572788
-2.244335 	 -4.551061
-2.202517 	 -4.528359
-2.160700 	 -4.504683
-2.118900 	 -4.480037
-2.077132 	 -4.454423
-2.035411 	 -4.427845
-1.993753 	 -4.400307
-1.952173 	 -4.371811
-1.910686 	 -4.342363
-1.869307 	 -4.311968
-1.828051 	 -4.280629
-1.786933 	 -4.248351
-1.745969 	 -4.215141
-1.705172 	 -4.181003
-1.664558 	 -4.145944
-1.624141 	 -4.109969
-1.583936 	 -4.073085
-1.543957 	 -4.035298
-1.504220 	 -3.996616
-1.464737 	 -3.957044
-1.425523 	 -3.916592
-1.386592 	 -3.875266
-1.347959 	 -3.833074
-1.309636 	 -3.790025
-1.271639 	 -3.746127
-1.233979 	 -3.701387
-1.196671 	 -3.655817
-1.159728 	 -3.609423
-1.123163 	 -3.562217
-1.086988 	 -3.514206
-1.051218 	 -3.465402
-1.015865 	 -3.415814
-0.980940 	 -3.365453
-0.946457 	 -3.314328
-0.912428 	 -3.262452
-0.878864 	 -3.209834
-0.845778 	 -3.156485
-0.813181 	 -3.102418
-0.781085 	 -3.047644
-0.749501 	 -2.992174
-0.718440 	 -2.936021
-0.687913 	 -2.879197
-0.657931 	 -2.821713
-0.628505 	 -2.763583
-0.599644 	 -2.704820
-0.571359 	 -2.645436
-0.543660 	 -2.585444
-0.516557 	 -2.524858
-0.490059 	 -2.463692
-0.464175 	 -2.401958
-0.438914 	 -2.339671
-0.414286 	 -2.276845
-0.390299 	 -2.213493
-0.366960 	 -2.149630
-0.344280 	 -2.085271
-0.322264 	 -2.020430
-0.300922 	 -1.955121
-0.280260 	 -1.889360
-0.260286 	 -1.823162
-0.241007 	 -1.756541
-0.222429 	 -1.689513
-0.204559 	 -1.622094
-0.187403 	 -1.554298
-0.170967 	 -1.486141
-0.155257 	 -1.417639
-0.140278 	 -1.348808
-0.126036 	 -1.279663
-0.112535 	 -1.210221
-0.099781 	 -1.140497
-0.087777 	 -1.070509
-0.076528 	 -1.000271
-0.066037 	 -0.929800
-0.056309 	 -0.859112
-0.047347 	 -0.788225
-0.039154 	 -0.717154
-0.031732 	 -0.645916
-0.025084 	 -0.574527
-0.019214 	 -0.503005
-0.014121 	 -0.431365
-0.009810 	 -0.359624
-0.006280 	 -0.287800
-0.003533 	 -0.215909
-0.001570 	 -0.143967
-0.000393 	 -0.071992
0.000000 	 0.000000
-0.000393 	 0.071992
-0.001571 	 0.143967
-0.003533 	 0.215909
-0.006280 	 0.287800
-0.009810 	 0.359624
-0.014121 	 0.431365
-0.019214 	 0.503005
-0.025084 	 0.574527
-0.031732 	 0.645916
-0.039154 	 0.717154
-0.047347 	 0.788225
-0.056309 	 0.859112
-0.066037 	 0.929800
-0.076528 	 1.000271
-0.087777 	 1.070509
-0.099781 	 1.140497
-0.112535 	 1.210221
-0.126036 	 1.279663
-0.140278 	 1.348808
-0.155257 	 1.417639
-0.170967 	 1.486141
-0.187403 	 1.554298
-0.204559 	 1.622094
-0.222429 	 1.689513
-0.241007 	 1.756541
-0.260286 	 1.823162
-0.280260 	 1.889360
-0.300922 	 1.955121
-0.322264 	 2.020430
-0.344280 	 2.085271
-0.366960 	 2.149630
-0.390299 	 2.213493
-0.414286 	 2.276845
-0.438914 	 2.339671
-0.464175 	 2.401958
-0.490059 	 2.463692
-0.516557 	 2.524858
-0.543660 	 2.585444
-0.571359 	 2.645436
-0.599644 	 2.704820
-0.628505 	 2.763583
-0.657931 	 2.821713
-0.687913 	 2.879197
-0.718440 	 2.936021
-0.749501 	 2.992174
-0.781085 	 3.047644
-0.813181 	 3.102418
-0.845778 	 3.156485
-0.878864 	 3.209834
-0.912428 	 3.262452
-0.946457 	 3.314328
-0.980940 	 3.365453
-1.015865 	 3.415814
-1.051218 	 3.465402
-1.086988 	 3.514206
-1.123163 	 3.562217
-1.159728 	 3.609423
-1.196671 	 3.655817
-1.233979 	 3.701387
-1.271639 	 3.746127
-1.309636 	 3.790025
-1.347959 	 3.833074
-1.386592 	 3.875266
-1.425523 	 3.916592
-1.464737 	 3.957044
-1.504220 	 3.996616
-1.543957 	 4.035298
-1.583936 	 4.073085
-1.624141 	 4.109969
-1.664558 	 4.145944
-1.705172 	 4.181003
-1.745969 	 4.215141
-1.786933 	 4.248351
-1.828051 	 4.280629
-1.869307 	 4.311968
-1.910686 	 4.342363
-1.952173 	 4.371811
-1.993753 	 4.400307
-2.035411 	 4.427845
-2.077132 	 4.454423
-2.118900 	 4.480037
-2.160700 	 4.504683
-2.202517 	 4.528359
-2.244335 	 4.551061
-2.286139 	 4.572788
-2.327914 	 4.593536
-2.369644 	 4.613304
-2.411313 	 4.632090
-2.452907 	 4.649892
-2.494409 	 4.666711
-2.535804 	 4.682544
-2.577077 	 4.697391
-2.618212 	 4.711252
-2.659194 	 4.724128
-2.700007 	 4.736017
-2.740636 	 4.746921
-2.781066 	 4.756841
-2.821281 	 4.765778
-2.861265 	 4.773733
-2.901005 	 4.780708
-2.940483 	 4.786704
-2.979686 	 4.791725
-3.018598 	 4.795772
-3.057204 	 4.798848
-3.095488 	 4.800957
-3.133438 	 4.802102
-3.171036 	 4.802286
-3.208269 	 4.801514
-3.245122 	 4.799789
-3.281580 	 4.797115
-3.317629 	 4.793499
-3.353254 	 4.788943
-3.388442 	 4.783455
-3.423177 	 4.777039
-3.457447 	 4.769700
-3.491237 	 4.761446
-3.524532 	 4.752282
-3.557321 	 4.742214
-3.589588 	 4.731250
-3.621320 	 4.719397
-3.652505 	 4.706661
-3.683129 	 4.693050
-3.713179 	 4.678572
-3.742642 	 4.663236
-3.771506 	 4.647048
-3.799758 	 4.630019
-3.827385 	 4.612155
-3.854376 	 4.593467
-3.880718 	 4.573963
-3.906400 	 4.553653
-3.931410 	 4.532546
-3.955736 	 4.510652
-3.979367 	 4.487982
-4.002292 	 4.464545
-4.024500 	 4.440352
-4.045981 	 4.415413
-4.066723 	 4.389740
-4.086716 	 4.363343
-4.105951 	 4.336233
-4.124418 	 4.308423
-4.142106 	 4.279923
-4.159006 	 4.250746
-4.175109 	 4.220903
-4.190407 	 4.190407
-4.204889 	 4.159269
-4.218548 	 4.127503
-4.231376 	 4.095121
-4.243363 	 4.062136
-4.254503 	 4.028561
-4.264787 	 3.994409
-4.274208 	 3.959693
-4.282760 	 3.924426
-4.290435 	 3.888623
-4.297226 	 3.852297
-4.303127 	 3.815461
-4.308132 	 3.778130
-4.312235 	 3.740318
-4.315431 	 3.702039
-4.317713 	 3.663307
-4.319078 	 3.624137
-4.319519 	 3.584542
-4.319033 	 3.544539
-4.317615 	 3.504141
-4.315261 	 3.463363
-4.311968 	 3.422221
-4.307731 	 3.380729
-4.302547 	 3.338901
-4.296414 	 3.296755
-4.289329 	 3.254303
-4.281289 	 3.211563
-4.272293 	 3.168548
-4.262337 	 3.125275
-4.251422 	 3.081759
-4.239545 	 3.038015
-4.226705 	 2.994059
-4.212902 	 2.949906
-4.198135 	 2.905572
-4.182404 	 2.861072
-4.165709 	 2.816423
-4.148050 	 2.771639
-4.129429 	 2.726736
-4.109845 	 2.681730
-4.089300 	 2.636637
-4.067796 	 2.591472
-4.045334 	 2.546251
-4.021917 	 2.500989
-3.997546 	 2.455702
-3.972225 	 2.410405
-3.945956 	 2.365115
-3.918742 	 2.319846
-3.890586 	 2.274614
-3.861494 	 2.229434
-3.831468 	 2.184323
-3.800512 	 2.139294
-3.768632 	 2.094364
-3.735831 	 2.049547
-3.702116 	 2.004859
-3.667491 	 1.960315
-3.631962 	 1.915929
-3.595535 	 1.871717
-3.558216 	 1.827693
-3.520011 	 1.783873
-3.480928 	 1.740270
-3.440972 	 1.696900
-3.400152 	 1.653776
-3.358474 	 1.610914
-3.315947 	 1.568326
-3.272578 	 1.526028
-3.228375 	 1.484033
-3.183347 	 1.442356
-3.137503 	 1.401009
-3.090851 	 1.360007
-3.043401 	 1.319363
-2.995161 	 1.279089
-2.946143 	 1.239201
-2.896354 	 1.199709
-2.845807 	 1.160628
-2.794510 	 1.121970
-2.742475 	 1.083747
-2.689712 	 1.045972
-2.636232 	 1.008657
-2.582047 	 0.971814
-2.527167 	 0.935454
-2.471605 	 0.899591
-2.415372 	 0.864234
-2.358480 	 0.829395
-2.300942 	 0.795086
-2.242769 	 0.761318
-2.183975 	 0.728100
-2.124572 	 0.695443
-2.064574 	 0.663359
-2.003992 	 0.631856
-1.942842 	 0.600946
-1.881135 	 0.570636
-1.818887 	 0.540938
-1.756110 	 0.511859
-1.692818 	 0.483410
-1.629027 	 0.455599
-1.564749 	 0.428434
-1.500000 	 0.401924
-1.434794 	 0.376077
-1.369146 	 0.350900
-1.303070 	 0.326402
-1.236583 	 0.302590
-1.169698 	 0.279470
-1.102430 	 0.257051
-1.034797 	 0.235337
-0.966812 	 0.214337
-0.898491 	 0.194056
-0.829851 	 0.174499
-0.760907 	 0.155673
-0.691674 	 0.137582
-0.622169 	 0.120233
-0.552407 	 0.103630
-0.482406 	 0.087777
-0.412180 	 0.072679
-0.341747 	 0.058339
-0.271123 	 0.044763
-0.200324 	 0.031952
-0.129366 	 0.019911
-0.058266 	 0.008643
0.012959 	 -0.001850
0.084292 	 -0.011565
0.155718 	 -0.020501
0.227219 	 -0.028654
0.298779 	 -0.036024
0.370381 	 -0.042609
0.442008 	 -0.048408
0.513644 	 -0.053420
0.585271 	 -0.057644
0.656873 	 -0.061081
0.728434 	 -0.063730
0.799935 	 -0.065591
0.871362 	 -0.066665
0.942696 	 -0.066953
1.013921 	 -0.066456
1.085021 	 -0.065175
1.155979 	 -0.063111
1.226778 	 -0.060268
1.297402 	 -0.056646
1.367833 	 -0.052248
1.438056 	 -0.047077
1.508055 	 -0.041136
1.577812 	 -0.034428
1.647311 	 -0.026956
1.716537 	 -0.018725
1.785472 	 -0.009738
1.854102 	 0.000000
1.922409 	 0.010485
1.990379 	 0.021713
2.057994 	 0.033677
2.125240 	 0.046373
2.192101 	 0.059795
2.258561 	 0.073938
2.324605 	 0.088794
2.390217 	 0.104359
2.455383 	 0.120625
2.520087 	 0.137586
2.584314 	 0.155234
2.648050 	 0.173562
2.711280 	 0.192563
2.773989 	 0.212229
2.836164 	 0.232552
2.897789 	 0.253524
2.958850 	 0.275135
3.019335 	 0.297379
3.079229 	 0.320244
3.138518 	 0.343724
3.197189 	 0.367807
3.255229 	 0.392485
3.312625 	 0.417748
3.369363 	 0.443585
3.425432 	 0.469987
3.480819 	 0.496944
3.535511 	 0.524443
3.589496 	 0.552476
3.642762 	 0.581031
3.695298 	 0.610096
3.747092 	 0.639661
3.798133 	 0.669713
3.848410 	 0.700242
3.897912 	 0.731235
3.946627 	 0.762680
3.994547 	 0.794565
4.041660 	 0.826877
4.087956 	 0.859605
4.133427 	 0.892735
4.178061 	 0.926254
4.221851 	 0.960150
4.264787 	 0.994409
4.306860 	 1.029018
4.348061 	 1.063964
4.388383 	 1.099233
4.427818 	 1.134811
4.466356 	 1.170685
4.503992 	 1.206841
4.540717 	 1.243265
4.576525 	 1.279942
4.611409 	 1.316858
4.645362 	 1.354000
4.678378 	 1.391352
4.710451 	 1.428900
4.741576 	 1.466629
4.771746 	 1.504526
4.800957 	 1.542574
4.829204 	 1.580760
4.856482 	 1.619068
4.882787 	 1.657483
4.908114 	 1.695990
4.932461 	 1.734575
4.955822 	 1.773222
4.978196 	 1.811915
4.999579 	 1.850640
5.019968 	 1.889382
5.039361 	 1.928125
5.057756 	 1.966854
5.075151 	 2.005553
5.091544 	 2.044207
5.106934 	 2.082802
5.121320 	 2.121320
5.134702 	 2.159748
5.147078 	 2.198070
5.158449 	 2.236270
5.168815 	 2.274333
5.178176 	 2.312244
5.186533 	 2.349988
5.193887 	 2.387548
5.200239 	 2.424911
5.205590 	 2.462061
5.209943 	 2.498982
5.213299 	 2.535660
5.215661 	 2.572079
5.217031 	 2.608225
5.217413 	 2.644083
5.216809 	 2.679637
5.215223 	 2.714873
5.212659 	 2.749777
5.209120 	 2.784333
5.204612 	 2.818527
5.199138 	 2.852345
5.192703 	 2.885772
5.185313 	 2.918794
5.176973 	 2.951396
5.167687 	 2.983566
5.157463 	 3.015288
5.146307 	 3.046549
5.134224 	 3.077335
5.121221 	 3.107633
5.107306 	 3.137430
5.092485 	 3.166711
5.076766 	 3.195463
5.060156 	 3.223675
5.042663 	 3.251332
5.024296 	 3.278422
5.005063 	 3.304933
4.984971 	 3.330851
4.964031 	 3.356166
4.942251 	 3.380864
4.919641 	 3.404933
4.896210 	 3.428363
4.871967 	 3.451141
4.846922 	 3.473256
4.821087 	 3.494696
4.794471 	 3.515451
4.767084 	 3.535511
4.738938 	 3.554863
4.710043 	 3.573498
4.680411 	 3.591406
4.650053 	 3.608576
4.618981 	 3.624999
4.587206 	 3.640666
4.554740 	 3.655566
4.521596 	 3.669690
4.487785 	 3.683030
4.453321 	 3.695577
4.418215 	 3.707323
4.382481 	 3.718258
4.346131 	 3.728376
4.309180 	 3.737668
4.271639 	 3.746127
4.233522 	 3.753745
4.194843 	 3.760515
4.155616 	 3.766431
4.115855 	 3.771486
4.075573 	 3.775674
4.034784 	 3.778988
3.993503 	 3.781422
3.951744 	 3.782972
3.909522 	 3.783632
3.866851 	 3.783396
3.823745 	 3.782261
3.780221 	 3.780221
3.736291 	 3.777272
3.691972 	 3.773410
3.647278 	 3.768632
3.602225 	 3.762933
3.556827 	 3.756312
3.511101 	 3.748764
3.465061 	 3.740288
3.418722 	 3.730880
3.372101 	 3.720540
3.325212 	 3.709264
3.278072 	 3.697052
3.230695 	 3.683902
3.183098 	 3.669813
3.135296 	 3.654784
3.087306 	 3.638816
3.039141 	 3.621908
2.990819 	 3.604059
2.942356 	 3.585271
2.893766 	 3.565544
2.845066 	 3.544879
2.796272 	 3.523277
2.747399 	 3.500741
2.698463 	 3.477271
2.649480 	 3.452869
2.600465 	 3.427539
2.551435 	 3.401282
2.502405 	 3.374102
2.453390 	 3.346002
2.404407 	 3.316985
2.355470 	 3.287055
2.306596 	 3.256216
2.257800 	 3.224473
2.209097 	 3.191829
2.160503 	 3.158290
2.112032 	 3.123861
2.063701 	 3.088547
2.015524 	 3.052354
1.967516 	 3.015287
1.919693 	 2.977354
1.872069 	 2.938559
1.824659 	 2.898911
1.777477 	 2.858416
1.730539 	 2.817081
1.683859 	 2.774913
1.637450 	 2.731921
1.591328 	 2.688112
1.545507 	 2.643494
1.500000 	 2.598076
1.454822 	 2.551867
1.409985 	 2.504876
1.365505 	 2.457111
1.321393 	 2.408582
1.277664 	 2.359299
1.234331 	 2.309272
1.191407 	 2.258510
1.148904 	 2.207024
1.106836 	 2.154825
1.065214 	 2.101924
1.024051 	 2.048331
0.983360 	 1.994057
0.943152 	 1.939115
0.903440 	 1.883515
0.864234 	 1.827269
0.825546 	 1.770390
0.787388 	 1.712889
0.749771 	 1.654780
0.712705 	 1.596074
0.676201 	 1.536784
0.640270 	 1.476924
0.604922 	 1.416507
0.570167 	 1.355545
0.536014 	 1.294052
0.502474 	 1.232043
0.469555 	 1.169530
0.437268 	 1.106528
0.405620 	 1.043051
0.374621 	 0.979113
0.344280 	 0.914729
0.314603 	 0.849913
0.285600 	 0.784680
0.257278 	 0.719044
0.229645 	 0.653021
0.202708 	 0.586626
0.176473 	 0.519874
0.150949 	 0.452780
0.126141 	 0.385360
0.102056 	 0.317629
0.078700 	 0.249603
0.056078 	 0.181298
0.034196 	 0.112730
0.013060 	 0.043914
-0.007326 	 -0.025134
-0.026956 	 -0.094397
-0.045827 	 -0.163859
-0.063934 	 -0.233504
-0.081273 	 -0.303316
-0.097841 	 -0.373278
-0.113633 	 -0.443374
-0.128647 	 -0.513587
-0.142880 	 -0.583901
-0.156329 	 -0.654300
-0.168992 	 -0.724766
-0.180866 	 -0.795283
-0.191951 	 -0.865834
-0.202244 	 -0.936404
-0.211744 	 -1.006974
-0.220450 	 -1.077528
-0.228361 	 -1.148050
-0.235478 	 -1.218523
-0.241799 	 -1.288930
-0.247325 	 -1.359254
-0.252056 	 -1.429479
-0.255993 	 -1.499588
-0.259136 	 -1.569565
-0.261488 	 -1.639392
-0.263048 	 -1.709053
-0.263820 	 -1.778531
-0.263805 	 -1.847811
-0.263005 	 -1.916875
-0.261423 	 -1.985707
-0.259062 	 -2.054290
-0.255924 	 -2.122609
-0.252014 	 -2.190647
-0.247334 	 -2.258388
-0.241888 	 -2.325816
-0.235682 	 -2.392915
-0.228718 	 -2.459668
-0.221002 	 -2.526060
-0.212538 	 -2.592076
-0.203332 	 -2.657699
-0.193390 	 -2.722914
-0.182716 	 -2.787706
-0.171317 	 -2.852058
-0.159199 	 -2.915957
-0.146368 	 -2.979386
-0.132831 	 -3.042332
-0.118595 	 -3.104778
-0.103667 	 -3.166711
-0.088055 	 -3.228115
-0.071766 	 -3.288977
-0.054807 	 -3.349281
-0.037188 	 -3.409014
-0.018916 	 -3.468162
0.000000 	 -3.526712
0.019551 	 -3.584648
0.039729 	 -3.641958
0.060524 	 -3.698629
0.081927 	 -3.754647
0.103927 	 -3.810000
0.126516 	 -3.864674
0.149683 	 -3.918657
0.173418 	 -3.971936
0.197711 	 -4.024500
0.222550 	 -4.076336
0.247926 	 -4.127433
0.273826 	 -4.177779
0.300240 	 -4.227362
0.327157 	 -4.276171
0.354564 	 -4.324195
0.382450 	 -4.371424
0.410803 	 -4.417847
0.439612 	 -4.463453
0.468863 	 -4.508233
0.498544 	 -4.552176
0.528644 	 -4.595274
0.559148 	 -4.637516
0.590045 	 -4.678893
0.621320 	 -4.719397
0.652962 	 -4.759018
0.684957 	 -4.797749
0.717291 	 -4.835580
0.749950 	 -4.872505
0.782922 	 -4.908516
0.816192 	 -4.943604
0.849747 	 -4.977763
0.883572 	 -5.010986
0.917653 	 -5.043266
0.951977 	 -5.074597
0.986528 	 -5.104973
1.021293 	 -5.134387
1.056257 	 -5.162835
1.091405 	 -5.190311
1.126723 	 -5.216809
1.162195 	 -5.242325
1.197808 	 -5.266855
1.233547 	 -5.290394
1.269396 	 -5.312938
1.305340 	 -5.334483
1.341364 	 -5.355027
1.377454 	 -5.374566
1.413595 	 -5.393096
1.449770 	 -5.410617
1.485966 	 -5.427124
1.522166 	 -5.442617
1.558356 	 -5.457093
1.594520 	 -5.470551
1.630644 	 -5.482990
1.666711 	 -5.494409
1.702706 	 -5.504807
1.738616 	 -5.514184
1.774423 	 -5.522540
1.810113 	 -5.529876
1.845671 	 -5.536191
1.881081 	 -5.541486
1.916329 	 -5.545763
1.951399 	 -5.549023
1.986276 	 -5.551268
2.020945 	 -5.552499
2.055391 	 -5.552720
2.089599 	 -5.551931
2.123554 	 -5.550136
2.157242 	 -5.547339
2.190647 	 -5.543541
2.223756 	 -5.538748
2.256552 	 -5.532963
2.289022 	 -5.526189
2.321152 	 -5.518432
2.352927 	 -5.509696
2.384332 	 -5.499986
2.415353 	 -5.489307
2.445977 	 -5.477665
2.476189 	 -5.465066
2.505976 	 -5.451515
2.535323 	 -5.437019
2.564218 	 -5.421583
2.592646 	 -5.405216
2.620595 	 -5.387924
2.648050 	 -5.369715
2.675000 	 -5.350595
2.701430 	 -5.330573
2.727329 	 -5.309657
2.752683 	 -5.287854
2.777479 	 -5.265174
2.801707 	 -5.241625
2.825353 	 -5.217216
2.848405 	 -5.191957
2.870852 	 -5.165856
2.892681 	 -5.138924
2.913882 	 -5.111170
2.934443 	 -5.082604
2.954352 	 -5.053237
2.973600 	 -5.023079
2.992174 	 -4.992141
3.010065 	 -4.960434
3.027263 	 -4.927969
3.043756 	 -4.894758
3.059535 	 -4.860811
3.074590 	 -4.826140
3.088913 	 -4.790758
3.102492 	 -4.754677
3.115320 	 -4.717909
3.127387 	 -4.680466
3.138685 	 -4.642360
3.149205 	 -4.603606
3.158939 	 -4.564215
3.167879 	 -4.524201
3.176018 	 -4.483576
3.183347 	 -4.442356
3.189860 	 -4.400552
3.195549 	 -4.358179
3.200408 	 -4.315251
3.204431 	 -4.271782
3.207610 	 -4.227785
3.209940 	 -4.183275
3.211415 	 -4.138267
3.212029 	 -4.092774
3.211778 	 -4.046812
3.210656 	 -4.000395
3.208659 	 -3.953538
3.205782 	 -3.906256
3.202020 	 -3.858564
3.197370 	 -3.810478
3.191829 	 -3.762011
3.185392 	 -3.713180
3.178057 	 -3.664001
3.169820 	 -3.614487
3.160680 	 -3.564655
3.150633 	 -3.514521
3.139677 	 -3.464100
3.127812 	 -3.413408
3.115035 	 -3.362460
3.101345 	 -3.311272
3.086741 	 -3.259861
3.071223 	 -3.208241
3.054790 	 -3.156430
3.037441 	 -3.104441
3.019178 	 -3.052293
3.000000 	 -3.000000
2.979908 	 -2.947579
2.958904 	 -2.895044
2.936988 	 -2.842414
2.914161 	 -2.789703
2.890427 	 -2.736927
2.865786 	 -2.684102
2.840242 	 -2.631244
2.813796 	 -2.578369
2.786453 	 -2.525493
2.758214 	 -2.472632
2.729084 	 -2.419801
2.699066 	 -2.367017
2.668164 	 -2.314294
2.636382 	 -2.261649
2.603726 	 -2.209097
2.570200 	 -2.156654
2.535808 	 -2.104334
2.500557 	 -2.052154
2.464452 	 -2.000129
2.427499 	 -1.948274
2.389704 	 -1.896604
2.351074 	 -1.845134
2.311614 	 -1.793880
2.271333 	 -1.742855
2.230237 	 -1.692075
2.188334 	 -1.641555
2.145631 	 -1.591308
2.102136 	 -1.541350
2.057858 	 -1.491695
2.012805 	 -1.442356
1.966986 	 -1.393348
1.920409 	 -1.344685
1.873084 	 -1.296381
1.825020 	 -1.248448
1.776227 	 -1.200902
1.726715 	 -1.153754
1.676493 	 -1.107019
1.625572 	 -1.060708
1.573963 	 -1.014836
1.521676 	 -0.969415
1.468722 	 -0.924456
1.415113 	 -0.879974
1.360860 	 -0.835979
1.305973 	 -0.792484
1.250466 	 -0.749501
1.194350 	 -0.707040
1.137638 	 -0.665115
1.080341 	 -0.623735
1.022472 	 -0.582912
0.964044 	 -0.542657
0.905071 	 -0.502980
0.845564 	 -0.463892
0.785537 	 -0.425403
0.725005 	 -0.387523
0.663979 	 -0.350262
0.602475 	 -0.313629
0.540506 	 -0.277633
0.478085 	 -0.242284
0.415229 	 -0.207591
0.351950 	 -0.173562
0.288263 	 -0.140206
0.224183 	 -0.107531
0.159725 	 -0.075544
0.094904 	 -0.044254
0.029734 	 -0.013668
-0.035769 	 0.016207
-0.101590 	 0.045364
-0.167714 	 0.073796
-0.234124 	 0.101496
-0.300806 	 0.128460
-0.367743 	 0.154679
-0.434921 	 0.180150
-0.502322 	 0.204866
-0.569931 	 0.228822
-0.637733 	 0.252014
-0.705711 	 0.274436
-0.773848 	 0.296084
-0.842129 	 0.316955
-0.910537 	 0.337044
-0.979055 	 0.356347
-1.047669 	 0.374862
-1.116360 	 0.392585
-1.185113 	 0.409514
-1.253910 	 0.425645
-1.322736 	 0.440978
-1.391574 	 0.455509
-1.460407 	 0.469237
-1.529219 	 0.482161
-1.597992 	 0.494279
-1.666711 	 0.505591
-1.735358 	 0.516096
-1.803917 	 0.525794
-1.872372 	 0.534684
-1.940705 	 0.542767
-2.008900 	 0.550044
-2.076941 	 0.556515
-2.144811 	 0.562181
-2.212493 	 0.567043
-2.279971 	 0.571103
-2.347229 	 0.574363
-2.414250 	 0.576825
-2.481017 	 0.578492
-2.547515 	 0.579366
-2.613727 	 0.579449
-2.679637 	 0.578746
-2.745229 	 0.577260
-2.810487 	 0.574993
-2.875395 	 0.571952
-2.939937 	 0.568138
-3.004098 	 0.563558
-3.067861 	 0.558216
-3.131212 	 0.552117
-3.194134 	 0.545266
-3.256612 	 0.537669
-3.318632 	 0.529331
-3.380177 	 0.520259
-3.441234 	 0.510459
-3.501786 	 0.499937
-3.561820 	 0.488700
-3.621320 	 0.476756
-3.680273 	 0.464111
-3.738664 	 0.450773
-3.796478 	 0.436750
-3.853702 	 0.422049
-3.910322 	 0.406679
-3.966323 	 0.390649
-4.021694 	 0.373966
-4.076419 	 0.356640
-4.130486 	 0.338681
-4.183882 	 0.320096
-4.236594 	 0.300896
-4.288610 	 0.281090
-4.339916 	 0.260689
-4.390501 	 0.239702
-4.440352 	 0.218140
-4.489457 	 0.196014
-4.537806 	 0.173333
-4.585385 	 0.150110
-4.632185 	 0.126355
-4.678193 	 0.102079
-4.723400 	 0.077293
-4.767794 	 0.052011
-4.811364 	 0.026242
-4.854102 	 0.000000
-4.895996 	 -0.026704
-4.937037 	 -0.053857
-4.977216 	 -0.081447
-5.016523 	 -0.109461
-5.054949 	 -0.137887
-5.092485 	 -0.166711
-5.129123 	 -0.195920
-5.164854 	 -0.225502
-5.199671 	 -0.255443
-5.233566 	 -0.285730
-5.266530 	 -0.316349
-5.298557 	 -0.347286
-5.329639 	 -0.378527
-5.359771 	 -0.410059
-5.388944 	 -0.441868
-5.417154 	 -0.473940
-5.444394 	 -0.506259
-5.470658 	 -0.538813
-5.495940 	 -0.571586
-5.520236 	 -0.604564
-5.543541 	 -0.637733
-5.565850 	 -0.671078
-5.587158 	 -0.704584
-5.607462 	 -0.738236
-5.626758 	 -0.772021
-5.645041 	 -0.805922
-5.662310 	 -0.839924
-5.678560 	 -0.874014
-5.693789 	 -0.908176
-5.707995 	 -0.942394
-5.721176 	 -0.976654
-5.733329 	 -1.010941
-5.744452 	 -1.045239
-5.754546 	 -1.079533
-5.763608 	 -1.113809
-5.771639 	 -1.148050
-5.778636 	 -1.182243
-5.784601 	 -1.216371
-5.789533 	 -1.250419
-5.793433 	 -1.284373
-5.796302 	 -1.318217
-5.798140 	 -1.351937
-5.798948 	 -1.385516
-5.798729 	 -1.418940
-5.797483 	 -1.452194
-5.795214 	 -1.485263
-5.791922 	 -1.518132
-5.787612 	 -1.550786
-5.782286 	 -1.583210
-5.775947 	 -1.615390
-5.768598 	 -1.647311
-5.760244 	 -1.678958
-5.750888 	 -1.710317
-5.740535 	 -1.741372
-5.729189 	 -1.772111
-5.716855 	 -1.802518
-5.703539 	 -1.832579
-5.689244 	 -1.862280
-5.673978 	 -1.891607
-5.657746 	 -1.920546
-5.640554 	 -1.949084
-5.622409 	 -1.977206
-5.603317 	 -2.004899
-5.583286 	 -2.032150
-5.562321 	 -2.058945
-5.540432 	 -2.085271
-5.517625 	 -2.111115
-5.493909 	 -2.136464
-5.469291 	 -2.161306
-5.443781 	 -2.185627
-5.417386 	 -2.209416
-5.390116 	 -2.232659
-5.361980 	 -2.255345
-5.332986 	 -2.277462
-5.303146 	 -2.298998
-5.272468 	 -2.319941
-5.240962 	 -2.340280
-5.208640 	 -2.360004
-5.175510 	 -2.379101
-5.141585 	 -2.397561
-5.106875 	 -2.415372
-5.071390 	 -2.432524
-5.035142 	 -2.449008
-4.998144 	 -2.464812
-4.960406 	 -2.479927
-4.921940 	 -2.494343
-4.882758 	 -2.508050
-4.842873 	 -2.521040
-4.802297 	 -2.533303
-4.761043 	 -2.544830
-4.719123 	 -2.555613
-4.676551 	 -2.565644
-4.633339 	 -2.574913
-4.589501 	 -2.583413
-4.545050 	 -2.591137
-4.500000 	 -2.598076
-4.454365 	 -2.604224
-4.408158 	 -2.609574
-4.361393 	 -2.614118
-4.314085 	 -2.617851
-4.266249 	 -2.620766
-4.217897 	 -2.622857
-4.169045 	 -2.624118
-4.119708 	 -2.624544
-4.069901 	 -2.624129
-4.019637 	 -2.622868
-3.968933 	 -2.620758
-3.917803 	 -2.617792
-3.866263 	 -2.613968
-3.814327 	 -2.609280
-3.762011 	 -2.603726
-3.709331 	 -2.597302
-3.656303 	 -2.590004
-3.602940 	 -2.581831
-3.549261 	 -2.572778
-3.495279 	 -2.562845
-3.441011 	 -2.552028
-3.386473 	 -2.540326
-3.331681 	 -2.527738
-3.276650 	 -2.514262
-3.221397 	 -2.499898
-3.165938 	 -2.484644
-3.110288 	 -2.468500
-3.054463 	 -2.451466
-2.998481 	 -2.433542
-2.942356 	 -2.414729
-2.886105 	 -2.395027
-2.829744 	 -2.374437
-2.773290 	 -2.352961
-2.716758 	 -2.330600
-2.660164 	 -2.307355
-2.603524 	 -2.283230
-2.546856 	 -2.258225
-2.490173 	 -2.232344
-2.433494 	 -2.205590
-2.376833 	 -2.177966
-2.320207 	 -2.149475
-2.263631 	 -2.120121
-2.207121 	 -2.089909
-2.150694 	 -2.058841
-2.094364 	 -2.026923
-2.038148 	 -1.994160
-1.982061 	 -1.960557
-1.926119 	 -1.926119
-1.870336 	 -1.890851
-1.814730 	 -1.854759
-1.759314 	 -1.817851
-1.704105 	 -1.780131
-1.649116 	 -1.741607
-1.594364 	 -1.702285
-1.539863 	 -1.662173
-1.485628 	 -1.621278
-1.431673 	 -1.579608
-1.378014 	 -1.537170
-1.324664 	 -1.493974
-1.271639 	 -1.450026
-1.218951 	 -1.405336
-1.166616 	 -1.359913
-1.114647 	 -1.313765
-1.063058 	 -1.266903
-1.011862 	 -1.219335
-0.961074 	 -1.171072
-0.910706 	 -1.122123
-0.860771 	 -1.072499
-0.811284 	 -1.022210
-0.762255 	 -0.971267
-0.713699 	 -0.919681
-0.665628 	 -0.867463
-0.618053 	 -0.814624
-0.570988 	 -0.761176
-0.524443 	 -0.707130
-0.478432 	 -0.652499
-0.432965 	 -0.597294
-0.388054 	 -0.541528
-0.343709 	 -0.485213
-0.299943 	 -0.428363
-0.256765 	 -0.370989
-0.214187 	 -0.313105
-0.172218 	 -0.254724
-0.130870 	 -0.195860
-0.090150 	 -0.136526
-0.050071 	 -0.076735
-0.010640 	 -0.016502
0.028133 	 0.044159
0.066238 	 0.105235
0.103667 	 0.166711
0.140412 	 0.228572
0.176464 	 0.290804
0.211815 	 0.353392
0.246457 	 0.416322
0.280383 	 0.479578
0.313585 	 0.543146
0.346057 	 0.607010
0.377790 	 0.671154
0.408779 	 0.735564
0.439018 	 0.800224
0.468500 	 0.865118
0.497219 	 0.930231
0.525170 	 0.995547
0.552347 	 1.061049
0.578746 	 1.126723
0.604362 	 1.192551
0.629189 	 1.258519
0.653225 	 1.324609
0.676464 	 1.390806
0.698904 	 1.457093
0.720540 	 1.523454
0.741370 	 1.589873
0.761390 	 1.656332
0.780598 	 1.722817
0.798992 	 1.789310
0.816569 	 1.855794
0.833328 	 1.922254
0.849267 	 1.988673
0.864384 	 2.055034
0.878680 	 2.121320
0.892152 	 2.187516
0.904801 	 2.253604
0.916627 	 2.319569
0.927628 	 2.385393
0.937807 	 2.451059
0.947163 	 2.516553
0.955698 	 2.581857
0.963412 	 2.646954
0.970308 	 2.711828
0.976386 	 2.776464
0.981649 	 2.840844
0.986099 	 2.904953
0.989738 	 2.968774
0.992570 	 3.032291
0.994598 	 3.095488
0.995824 	 3.158350
0.996253 	 3.220860
0.995888 	 3.283002
0.994733 	 3.344761
0.992794 	 3.406120
0.990073 	 3.467066
0.986578 	 3.527581
0.982312 	 3.587651
0.977281 	 3.647261
0.971490 	 3.706395
0.964947 	 3.765038
0.957656 	 3.823176
0.949624 	 3.880793
0.940858 	 3.937876
0.931366 	 3.994409
0.921153 	 4.050378
0.910227 	 4.105769
0.898597 	 4.160569
0.886269 	 4.214762
0.873253 	 4.268336
0.859555 	 4.321276
0.845186 	 4.373570
0.830153 	 4.425204
0.814466 	 4.476164
0.798133 	 4.526439
0.781165 	 4.576015
0.763571 	 4.624880
0.745360 	 4.673021
0.726543 	 4.720426
0.707130 	 4.767084
0.687132 	 4.812982
0.666558 	 4.858109
0.645420 	 4.902454
0.623730 	 4.946005
0.601497 	 4.988752
0.578733 	 5.030683
0.555451 	 5.071788
0.531662 	 5.112057
0.507377 	 5.151481
0.482608 	 5.190048
0.457369 	 5.227749
0.431671 	 5.264576
0.405526 	 5.300518
0.378948 	 5.335567
0.351950 	 5.369715
0.324543 	 5.402952
0.296742 	 5.435271
0.268560 	 5.466664
0.240010 	 5.497123
0.211105 	 5.526641
0.181859 	 5.555210
0.152286 	 5.582824
0.122399 	 5.609476
0.092213 	 5.635159
0.061742 	 5.659868
0.031000 	 5.683597
0.000000 	 5.706339
-0.031242 	 5.728090
-0.062713 	 5.748845
-0.094397 	 5.768598
-0.126280 	 5.787346
-0.158348 	 5.805084
-0.190586 	 5.821809
-0.222979 	 5.837515
-0.255513 	 5.852201
-0.288171 	 5.865862
-0.320941 	 5.878497
-0.353805 	 5.890102
-0.386751 	 5.900675
-0.419762 	 5.910215
-0.452823 	 5.918719
-0.485920 	 5.926186
-0.519037 	 5.932615
-0.552159 	 5.938005
-0.585271 	 5.942356
-0.618358 	 5.945666
-0.651405 	 5.947937
-0.684397 	 5.949168
-0.717318 	 5.949360
-0.750154 	 5.948514
-0.782889 	 5.946631
-0.815508 	 5.943712
-0.847997 	 5.939758
-0.880340 	 5.934773
-0.912523 	 5.928758
-0.944530 	 5.921715
-0.976347 	 5.913648
-1.007959 	 5.904560
-1.039351 	 5.894453
-1.070509 	 5.883332
-1.101417 	 5.871200
-1.132062 	 5.858062
-1.162428 	 5.843922
-1.192502 	 5.828784
-1.222270 	 5.812655
-1.251716 	 5.795538
-1.280828 	 5.777440
-1.309590 	 5.758367
-1.337989 	 5.738323
-1.366012 	 5.717317
-1.393644 	 5.695354
-1.420873 	 5.672441
-1.447683 	 5.648586
-1.474064 	 5.623795
-1.500000 	 5.598076
-1.525479 	 5.571438
-1.550489 	 5.543887
-1.575016 	 5.515433
-1.599048 	 5.486085
-1.622572 	 5.455850
-1.645576 	 5.424738
-1.668048 	 5.392759
-1.689977 	 5.359921
-1.711349 	 5.326235
-1.732153 	 5.291710
-1.752379 	 5.256357
-1.772015 	 5.220186
-1.791049 	 5.183209
-1.809470 	 5.145434
-1.827269 	 5.106875
-1.844434 	 5.067541
-1.860955 	 5.027444
-1.876822 	 4.986597
-1.892025 	 4.945011
-1.906555 	 4.902697
-1.920401 	 4.859669
-1.933554 	 4.815939
-1.946006 	 4.771518
-1.957748 	 4.726421
-1.968770 	 4.680659
-1.979064 	 4.634247
-1.988623 	 4.587197
-1.997438 	 4.539523
-2.005501 	 4.491238
-2.012805 	 4.442356
-2.019343 	 4.392891
-2.025108 	 4.342857
-2.030092 	 4.292269
-2.034290 	 4.241140
-2.037695 	 4.189486
-2.040300 	 4.137320
-2.042101 	 4.084657
-2.043092 	 4.031513
-2.043267 	 3.977901
-2.042621 	 3.923838
-2.041149 	 3.869338
-2.038848 	 3.814417
-2.035713 	 3.759089
-2.031739 	 3.703371
-2.026923 	 3.647278
-2.021262 	 3.590826
-2.014753 	 3.534029
-2.007392 	 3.476905
-1.999177 	 3.419468
-1.990105 	 3.361735
-1.980174 	 3.303722
-1.969384 	 3.245444
-1.957731 	 3.186918
-1.945215 	 3.128159
-1.931834 	 3.069185
-1.917588 	 3.010011
-1.902477 	 2.950653
-1.886500 	 2.891127
-1.869658 	 2.831450
-1.851950 	 2.771639
-1.833377 	 2.711708
-1.813941 	 2.651675
-1.793642 	 2.591556
-1.772482 	 2.531367
-1.750463 	 2.471124
-1.727586 	 2.410844
-1.703855 	 2.350543
-1.679271 	 2.290237
-1.653837 	 2.229941
-1.627557 	 2.169674
-1.600434 	 2.109449
-1.572471 	 2.049285
-1.543673 	 1.989195
-1.514044 	 1.929197
-1.483587 	 1.869307
-1.452309 	 1.809539
-1.420213 	 1.749911
-1.387306 	 1.690437
-1.353592 	 1.631134
-1.319078 	 1.572016
-1.283769 	 1.513099
-1.247672 	 1.454399
-1.210794 	 1.395931
-1.173141 	 1.337711
-1.134720 	 1.279752
-1.095539 	 1.222070
-1.055605 	 1.164680
-1.014926 	 1.107597
-0.973510 	 1.050835
-0.931366 	 0.994409
-0.888501 	 0.938333
-0.844926 	 0.882621
-0.800648 	 0.827287
-0.755677 	 0.772346
-0.710023 	 0.717811
-0.663695 	 0.663695
-0.616704 	 0.610013
-0.569058 	 0.556777
-0.520770 	 0.504001
-0.471849 	 0.451697
-0.422306 	 0.399879
-0.372153 	 0.348559
-0.321399 	 0.297749
-0.270058 	 0.247463
-0.218140 	 0.197711
-0.165658 	 0.148506
-0.112623 	 0.099860
-0.059048 	 0.051783
-0.004944 	 0.004289
0.049675 	 -0.042614
0.104796 	 -0.088913
0.160407 	 -0.134598
0.216495 	 -0.179658
0.273046 	 -0.224083
0.330048 	 -0.267864
0.387485 	 -0.310990
0.445345 	 -0.353451
0.503614 	 -0.395238
0.562277 	 -0.436343
0.621320 	 -0.476756
0.680730 	 -0.516468
0.740491 	 -0.555471
0.800589 	 -0.593757
0.861010 	 -0.631318
0.921737 	 -0.668146
0.982758 	 -0.704234
1.044055 	 -0.739574
1.105615 	 -0.774160
1.167421 	 -0.807984
1.229459 	 -0.841040
1.291713 	 -0.873323
1.354167 	 -0.904825
1.416806 	 -0.935542
1.479613 	 -0.965468
1.542574 	 -0.994598
1.605672 	 -1.022926
1.668891 	 -1.050449
1.732216 	 -1.077161
1.795629 	 -1.103059
1.859115 	 -1.128139
1.922659 	 -1.152397
1.986242 	 -1.175830
2.049850 	 -1.198436
2.113466 	 -1.220210
2.177073 	 -1.241151
2.240655 	 -1.261257
2.304196 	 -1.280525
2.367680 	 -1.298954
2.431090 	 -1.316542
2.494409 	 -1.333289
2.557621 	 -1.349194
2.620710 	 -1.364255
2.683660 	 -1.378474
2.746453 	 -1.391849
2.809074 	 -1.404381
2.871506 	 -1.416070
2.933733 	 -1.426918
2.995739 	 -1.436925
3.057507 	 -1.446093
3.119021 	 -1.454423
3.180265 	 -1.461918
3.241223 	 -1.468579
3.301879 	 -1.474409
3.362217 	 -1.479411
3.422221 	 -1.483587
3.481875 	 -1.486942
3.541163 	 -1.489477
3.600071 	 -1.491198
3.658581 	 -1.492108
3.716679 	 -1.492212
3.774349 	 -1.491514
3.831576 	 -1.490018
3.888344 	 -1.487731
3.944639 	 -1.484657
4.000446 	 -1.480802
4.055750 	 -1.476172
4.110535 	 -1.470773
4.164788 	 -1.464611
4.218494 	 -1.457693
4.271639 	 -1.450026
4.324207 	 -1.441616
4.376186 	 -1.432472
4.427562 	 -1.422600
4.478320 	 -1.412009
4.528447 	 -1.400706
4.577930 	 -1.388700
4.626755 	 -1.375999
4.674909 	 -1.362612
4.722379 	 -1.348547
4.769153 	 -1.333815
4.815218 	 -1.318424
4.860561 	 -1.302383
4.905171 	 -1.285704
4.949035 	 -1.268395
4.992141 	 -1.250466
5.034479 	 -1.231929
5.076035 	 -1.212794
5.116800 	 -1.193070
5.156762 	 -1.172771
5.195911 	 -1.151906
5.234235 	 -1.130486
5.271725 	 -1.108525
5.308370 	 -1.086032
5.344161 	 -1.063020
5.379087 	 -1.039501
5.413140 	 -1.015486
5.446309 	 -0.990990
5.478587 	 -0.966023
5.509964 	 -0.940598
5.540432 	 -0.914729
5.569983 	 -0.888428
5.598608 	 -0.861708
5.626299 	 -0.834583
5.653050 	 -0.807065
5.678853 	 -0.779168
5.703701 	 -0.750907
5.727588 	 -0.722293
5.750506 	 -0.693342
5.772449 	 -0.664067
5.793412 	 -0.634482
5.813389 	 -0.604601
5.832375 	 -0.574439
5.850364 	 -0.544009
5.867351 	 -0.513327
5.883332 	 -0.482406
5.898302 	 -0.451261
5.912258 	 -0.419907
5.925195 	 -0.388358
5.937110 	 -0.356629
5.948000 	 -0.324735
5.957862 	 -0.292691
5.966693 	 -0.260511
5.974491 	 -0.228211
5.981253 	 -0.195806
5.986978 	 -0.163310
5.991664 	 -0.130739
5.995310 	 -0.098107
5.997915 	 -0.065430
5.999479 	 -0.032722
6.000000 	 0.000000
5.999479 	 0.032722
5.997915 	 0.065430
5.995310 	 0.098107
5.991664 	 0.130739
5.986978 	 0.163310
5.981253 	 0.195806
5.974490 	 0.228211
5.966693 	 0.260511
5.957862 	 0.292691
5.948000 	 0.324735
5.937110 	 0.356629
5.925195 	 0.388358
5.912258 	 0.419907
5.898302 	 0.451261
5.883332 	 0.482406
5.867351 	 0.513327
5.850364 	 0.544009
5.832375 	 0.574439
5.813389 	 0.604601
5.793412 	 0.634482
5.772449 	 0.664067
5.750506 	 0.693342
5.727588 	 0.722293
5.703701 	 0.750907
5.678853 	 0.779168
5.653050 	 0.807065
5.626299 	 0.834583
5.598608 	 0.861708
5.569983 	 0.888428
5.540432 	 0.914729
5.509964 	 0.940598
5.478587 	 0.966023
5.446309 	 0.990990
5.413140 	 1.015486
5.379087 	 1.039501
5.344161 	 1.063020
5.308370 	 1.086032
5.271725 	 1.108525
5.234235 	 1.130486
5.195911 	 1.151906
5.156762 	 1.172771
5.116800 	 1.193070
5.076035 	 1.212794
5.034479 	 1.231929
4.992141 	 1.250466
4.949035 	 1.268395
4.905171 	 1.285704
4.860561 	 1.302383
4.815218 	 1.318424
4.769153 	 1.333815
4.722379 	 1.348547
4.674909 	 1.362612
4.626755 	 1.375999
4.577930 	 1.388700
4.528447 	 1.400706
4.478320 	 1.412009
4.427562 	 1.422600
4.376186 	 1.432472
4.324207 	 1.441616
4.271639 	 1.450026
4.218494 	 1.457693
4.164788 	 1.464611
4.110535 	 1.470773
4.055750 	 1.476172
4.000446 	 1.480802
3.944639 	 1.484657
3.888344 	 1.487731
3.831576 	 1.490018
3.774349 	 1.491514
3.716679 	 1.492212
3.658581 	 1.492108
3.600071 	 1.491198
3.541163 	 1.489477
3.481875 	 1.486942
3.422221 	 1.483587
3.362217 	 1.479411
3.301879 	 1.474409
3.241223 	 1.468579
3.180265 	 1.461918
3.119021 	 1.454423
3.057507 	 1.446093
2.995739 	 1.436925
2.933733 	 1.426918
2.871506 	 1.416070
2.809074 	 1.404381
2.746453 	 1.391849
2.683660 	 1.378474
2.620710 	 1.364255
2.557621 	 1.349194
2.494409 	 1.333289
2.431090 	 1.316542
2.367680 	 1.298954
2.304196 	 1.280525
2.240655 	 1.261257
2.177073 	 1.241151
2.113466 	 1.220210
2.049850 	 1.198436
1.986242 	 1.175830
1.922659 	 1.152397
1.859115 	 1.128139
1.795629 	 1.103059
1.732216 	 1.077161
1.668891 	 1.050449
1.605672 	 1.022926
1.542574 	 0.994598
1.479613 	 0.965468
1.416806 	 0.935542
1.354167 	 0.904825
1.291713 	 0.873323
1.229459 	 0.841040
1.167421 	 0.807984
1.105615 	 0.774160
1.044055 	 0.739574
0.982758 	 0.704234
0.921737 	 0.668146
0.861010 	 0.631318
0.800589 	 0.593757
0.740491 	 0.555471
0.680730 	 0.516468
0.621320 	 0.476756
0.562277 	 0.436343
0.503614 	 0.395238
0.445345 	 0.353451
0.387485 	 0.310990
0.330048 	 0.267864
0.273046 	 0.224083
0.216495 	 0.179658
0.160407 	 0.134598
0.104796 	 0.088913
0.049675 	 0.042614
-0.004944 	 -0.004289
-0.059048 	 -0.051783
-0.112623 	 -0.099860
-0.165658 	 -0.148506
-0.218140 	 -0.197711
-0.270058 	 -0.247463
-0.321399 	 -0.297749
-0.372153 	 -0.348559
-0.422306 	 -0.399879
-0.471849 	 -0.451697
-0.520770 	 -0.504001
-0.569058 	 -0.556777
-0.616704 	 -0.610013
-0.663695 	 -0.663695
-0.710023 	 -0.717811
-0.755677 	 -0.772346
-0.800648 	 -0.827287
-0.844926 	 -0.882621
-0.888501 	 -0.938333
-0.931366 	 -0.994409
-0.973510 	 -1.050835
-1.014926 	 -1.107597
-1.055605 	 -1.164680
-1.095539 	 -1.222070
-1.134720 	 -1.279752
-1.173141 	 -1.337711
-1.210794 	 -1.395931
-1.247672 	 -1.454399
-1.283769 	 -1.513099
-1.319078 	 -1.572016
-1.353592 	 -1.631134
-1.387306 	 -1.690437
-1.420213 	 -1.749911
-1.452309 	 -1.809539
-1.483587 	 -1.869307
-1.514044 	 -1.929197
-1.543673 	 -1.989195
-1.572471 	 -2.049285
-1.600434 	 -2.109449
-1.627557 	 -2.169674
-1.653837 	 -2.229941
-1.679271 	 -2.290237
-1.703855 	 -2.350543
-1.727586 	 -2.410844
-1.750463 	 -2.471124
-1.772482 	 -2.531367
-1.793642 	 -2.591556
-1.813941 	 -2.651675
-1.833377 	 -2.711708
-1.851950 	 -2.771639
-1.869658 	 -2.831450
-1.886500 	 -2.891127
-1.902477 	 -2.950653
-1.917588 	 -3.010011
-1.931834 	 -3.069185
-1.945215 	 -3.128159
-1.957731 	 -3.186918
-1.969384 	 -3.245444
-1.980174 	 -3.303722
-1.990105 	 -3.361735
-1.999177 	 -3.419468
-2.007392 	 -3.476905
-2.014753 	 -3.534029
-2.021262 	 -3.590826
-2.026923 	 -3.647278
-2.031739 	 -3.703371
-2.035713 	 -3.759089
-2.038848 	 -3.814417
-2.041149 	 -3.869338
-2.042621 	 -3.923838
-2.043267 	 -3.977901
-2.043092 	 -4.031513
-2.042101 	 -4.084657
-2.040300 	 -4.137320
-2.037695 	 -4.189486
-2.034290 	 -4.241140
-2.030092 	 -4.292269
-2.025108 	 -4.342857
-2.019343 	 -4.392891
-2.012805 	 -4.442356
-2.005501 	 -4.491238
-1.997438 	 -4.539523
-1.988623 	 -4.587197
-1.979064 	 -4.634247
-1.968770 	 -4.680659
-1.957748 	 -4.726421
-1.946006 	 -4.771518
-1.933554 	 -4.815939
-1.920401 	 -4.859669
-1.906555 	 -4.902697
-1.892025 	 -4.945011
-1.876822 	 -4.986597
-1.860955 	 -5.027444
-1.844434 	 -5.067541
-1.827269 	 -5.106875
-1.809470 	 -5.145434
-1.791049 	 -5.183209
-1.772015 	 -5.220186
-1.752379 	 -5.256357
-1.732153 	 -5.291710
-1.711349 	 -5.326235
-1.689977 	 -5.359921
-1.668048 	 -5.392759
-1.645576 	 -5.424738
-1.622572 	 -5.455850
-1.599048 	 -5.486085
-1.575016 	 -5.515433
-1.550489 	 -5.543887
-1.525479 	 -5.571438
-1.500000 	 -5.598076
-1.474064 	 -5.623795
-1.447683 	 -5.648586
-1.420873 	 -5.672441
-1.393644 	 -5.695354
-1.366012 	 -5.717317
-1.337989 	 -5.738323
-1.309590 	 -5.758367
-1.280828 	 -5.777440
-1.251716 	 -5.795538
-1.222270 	 -5.812655
-1.192502 	 -5.828784
-1.162428 	 -5.843922
-1.132062 	 -5.858062
-1.101417 	 -5.871200
-1.070509 	 -5.883332
-1.039351 	 -5.894453
-1.007959 	 -5.904560
-0.976347 	 -5.913648
-0.944530 	 -5.921715
-0.912523 	 -5.928758
-0.880340 	 -5.934773
-0.847997 	 -5.939758
-0.815508 	 -5.943712
-0.782889 	 -5.946631
-0.750154 	 -5.948514
-0.717318 	 -5.949360
-0.684397 	 -5.949168
-0.651405 	 -5.947937
-0.618358 	 -5.945666
-0.585271 	 -5.942356
-0.552159 	 -5.938005
-0.519037 	 -5.932615
-0.485920 	 -5.926186
-0.452823 	 -5.918719
-0.419762 	 -5.910215
-0.386751 	 -5.900675
-0.353805 	 -5.890102
-0.320941 	 -5.878497
-0.288171 	 -5.865862
-0.255513 	 -5.852201
-0.222979 	 -5.837515
-0.190586 	 -5.821809
-0.158348 	 -5.805084
-0.126280 	 -5.787346
-0.094397 	 -5.768598
-0.062713 	 -5.748845
-0.031242 	 -5.728090
0.000000 	 -5.706339
0.031000 	 -5.683597
0.061742 	 -5.659868
0.092213 	 -5.635159
0.122399 	 -5.609476
0.152286 	 -5.582824
0.181859 	 -5.555210
0.211105 	 -5.526641
0.240010 	 -5.497123
0.268560 	 -5.466664
0.296742 	 -5.435271
0.324543 	 -5.402952
0.351950 	 -5.369715
0.378948 	 -5.335567
0.405526 	 -5.300518
0.431671 	 -5.264576
0.457369 	 -5.227749
0.482608 	 -5.190048
0.507377 	 -5.151481
0.531662 	 -5.112057
0.555451 	 -5.071788
0.578733 	 -5.030683
0.601497 	 -4.988752
0.623730 	 -4.946005
0.645420 	 -4.902454
0.666558 	 -4.858109
0.687132 	 -4.812982
0.707130 	 -4.767084
0.726543 	 -4.720426
0.745360 	 -4.673021
0.763571 	 -4.624880
0.781165 	 -4.576015
0.798133 	 -4.526439
0.814466 	 -4.476164
0.830153 	 -4.425204
0.845186 	 -4.373570
0.859555 	 -4.321276
0.873253 	 -4.268336
0.886269 	 -4.214762
0.898597 	 -4.160569
0.910227 	 -4.105769
0.921153 	 -4.050378
0.931366 	 -3.994409
0.940858 	 -3.937876
0.949624 	 -3.880793
0.957656 	 -3.823176
0.964947 	 -3.765038
0.971490 	 -3.706395
0.977281 	 -3.647261
0.982312 	 -3.587651
0.986578 	 -3.527581
0.990073 	 -3.467066
0.992794 	 -3.406120
0.994733 	 -3.344761
0.995888 	 -3.283002
0.996253 	 -3.220860
0.995824 	 -3.158350
0.994598 	 -3.095488
0.992570 	 -3.032291
0.989738 	 -2.968774
0.986099 	 -2.904953
0.981649 	 -2.840844
0.976386 	 -2.776464
0.970308 	 -2.711828
0.963412 	 -2.646954
0.955698 	 -2.581856
0.947163 	 -2.516553
0.937807 	 -2.451059
0.927628 	 -2.385393
0.916627 	 -2.319569
0.904801 	 -2.253604
0.892152 	 -2.187516
0.878680 	 -2.121320
0.864384 	 -2.055034
0.849267 	 -1.988673
0.833328 	 -1.922254
0.816569 	 -1.855794
0.798992 	 -1.789310
0.780598 	 -1.722817
0.761390 	 -1.656332
0.741370 	 -1.589873
0.720540 	 -1.523454
0.698904 	 -1.457093
0.676464 	 -1.390806
0.653225 	 -1.324609
0.629189 	 -1.258519
0.604362 	 -1.192551
0.578746 	 -1.126723
0.552347 	 -1.061049
0.525170 	 -0.995547
0.497219 	 -0.930231
0.468500 	 -0.865118
0.439018 	 -0.800224
0.408779 	 -0.735564
0.377790 	 -0.671154
0.346057 	 -0.607010
0.313585 	 -0.543146
0.280383 	 -0.479578
0.246457 	 -0.416322
0.211815 	 -0.353392
0.176464 	 -0.290804
0.140412 	 -0.228572
0.103667 	 -0.166711
0.066238 	 -0.105235
0.028133 	 -0.044159
-0.010640 	 0.016502
-0.050071 	 0.076735
-0.090150 	 0.136526
-0.130870 	 0.195860
-0.172218 	 0.254724
-0.214187 	 0.313105
-0.256765 	 0.370989
-0.299943 	 0.428363
-0.343709 	 0.485213
-0.388054 	 0.541528
-0.432965 	 0.597294
-0.478432 	 0.652499
-0.524443 	 0.707130
-0.570988 	 0.761176
-0.618053 	 0.814624
-0.665628 	 0.867463
-0.713699 	 0.919681
-0.762255 	 0.971267
-0.811284 	 1.022210
-0.860771 	 1.072499
-0.910706 	 1.122123
-0.961074 	 1.171072
-1.011862 	 1.219335
-1.063058 	 1.266903
-1.114647 	 1.313765
-1.166616 	 1.359913
-1.218951 	 1.405336
-1.271639 	 1.450026
-1.324664 	 1.493974
-1.378014 	 1.537170
-1.431673 	 1.579608
-1.485628 	 1.621278
-1.539863 	 1.662173
-1.594364 	 1.702285
-1.649116 	 1.741607
-1.704105 	 1.780131
-1.759314 	 1.817851
-1.814730 	 1.854759
-1.870336 	 1.890851
-1.926119 	 1.926119
-1.982061 	 1.960557
-2.038148 	 1.994160
-2.094364 	 2.026923
-2.150694 	 2.058841
-2.207121 	 2.089909
-2.263631 	 2.120121
-2.320207 	 2.149475
-2.376833 	 2.177966
-2.433494 	 2.205590
-2.490173 	 2.232344
-2.546856 	 2.258225
-2.603524 	 2.283230
-2.660164 	 2.307355
-2.716758 	 2.330600
-2.773290 	 2.352961
-2.829744 	 2.374437
-2.886105 	 2.395027
-2.942356 	 2.414729
-2.998481 	 2.433542
-3.054463 	 2.451466
-3.110288 	 2.468500
-3.165938 	 2.484644
-3.221397 	 2.499898
-3.276650 	 2.514262
-3.331681 	 2.527738
-3.386473 	 2.540326
-3.441011 	 2.552028
-3.495279 	 2.562845
-3.549261 	 2.572778
-3.602940 	 2.581831
-3.656303 	 2.590004
-3.709331 	 2.597302
-3.762011 	 2.603726
-3.814327 	 2.609280
-3.866263 	 2.613968
-3.917803 	 2.617792
-3.968933 	 2.620758
-4.019637 	 2.622868
-4.069901 	 2.624129
-4.119708 	 2.624544
-4.169045 	 2.624118
-4.217897 	 2.622857
-4.266249 	 2.620766
-4.314085 	 2.617851
-4.361393 	 2.614118
-4.408158 	 2.609574
-4.454365 	 2.604224
-4.500000 	 2.598076
-4.545050 	 2.591137
-4.589501 	 2.583413
-4.633339 	 2.574913
-4.676551 	 2.565644
-4.719123 	 2.555613
-4.761043 	 2.544830
-4.802297 	 2.533303
-4.842873 	 2.521040
-4.882758 	 2.508050
-4.921940 	 2.494343
-4.960406 	 2.479927
-4.998144 	 2.464812
-5.035142 	 2.449008
-5.071390 	 2.432524
-5.106875 	 2.415372
-5.141585 	 2.397561
-5.175510 	 2.379101
-5.208640 	 2.360004
-5.240962 	 2.340280
-5.272468 	 2.319941
-5.303146 	 2.298998
-5.332986 	 2.277462
-5.361980 	 2.255345
-5.390116 	 2.232659
-5.417386 	 2.209416
-5.443781 	 2.185627
-5.469291 	 2.161306
-5.493909 	 2.136464
-5.517625 	 2.111115
-5.540432 	 2.085271
-5.562321 	 2.058945
-5.583286 	 2.032150
-5.603317 	 2.004899
-5.622409 	 1.977206
-5.640554 	 1.949084
-5.657746 	 1.920546
-5.673978 	 1.891607
-5.689244 	 1.862280
-5.703539 	 1.832579
-5.716855 	 1.802518
-5.729189 	 1.772111
-5.740535 	 1.741372
-5.750888 	 1.710317
-5.760244 	 1.678958
-5.768598 	 1.647311
-5.775947 	 1.615390
-5.782286 	 1.583210
-5.787612 	 1.550786
-5.791922 	 1.518132
-5.795214 	 1.485263
-5.797483 	 1.452194
-5.798729 	 1.418940
-5.798948 	 1.385516
-5.798140 	 1.351937
-5.796302 	 1.318217
-5.793433 	 1.284373
-5.789533 	 1.250419
-5.784601 	 1.216371
-5.778636 	 1.182243
-5.771639 	 1.148050
-5.763608 	 1.113809
-5.754546 	 1.079533
-5.744452 	 1.045239
-5.733329 	 1.010941
-5.721176 	 0.976654
-5.707995 	 0.942394
-5.693789 	 0.908176
-5.678560 	 0.874014
-5.662310 	 0.839924
-5.645041 	 0.805922
-5.626758 	 0.772021
-5.607462 	 0.738236
-5.587158 	 0.704584
-5.565850 	 0.671078
-5.543541 	 0.637733
-5.520236 	 0.604564
-5.495940 	 0.571586
-5.470658 	 0.538813
-5.444394 	 0.506259
-5.417154 	 0.473940
-5.388944 	 0.441868
-5.359771 	 0.410059
-5.329639 	 0.378527
-5.298557 	 0.347286
-5.266530 	 0.316349
-5.233566 	 0.285730
-5.199671 	 0.255443
-5.164854 	 0.225502
-5.129123 	 0.195920
-5.092485 	 0.166711
-5.054949 	 0.137887
-5.016523 	 0.109461
-4.977216 	 0.081447
-4.937037 	 0.053857
-4.895996 	 0.026704
-4.854102 	 0.000000
-4.811364 	 -0.026242
-4.767794 	 -0.052011
-4.723400 	 -0.077293
-4.678193 	 -0.102079
-4.632185 	 -0.126355
-4.585385 	 -0.150110
-4.537806 	 -0.173333
-4.489457 	 -0.196014
-4.440352 	 -0.218140
-4.390501 	 -0.239702
-4.339916 	 -0.260689
-4.288610 	 -0.281090
-4.236594 	 -0.300896
-4.183882 	 -0.320096
-4.130486 	 -0.338681
-4.076419 	 -0.356640
-4.021694 	 -0.373966
-3.966323 	 -0.390649
-3.910322 	 -0.406679
-3.853702 	 -0.422049
-3.796478 	 -0.436750
-3.738664 	 -0.450773
-3.680273 	 -0.464111
-3.621320 	 -0.476756
-3.561820 	 -0.488700
-3.501786 	 -0.499937
-3.441234 	 -0.510459
-3.380177 	 -0.520259
-3.318632 	 -0.529331
-3.256612 	 -0.537669
-3.194134 	 -0.545266
-3.131212 	 -0.552117
-3.067861 	 -0.558216
-3.004098 	 -0.563558
-2.939937 	 -0.568138
-2.875395 	 -0.571952
-2.810487 	 -0.574993
-2.745229 	 -0.577260
-2.679637 	 -0.578746
-2.613727 	 -0.579449
-2.547515 	 -0.579366
-2.481017 	 -0.578492
-2.414250 	 -0.576825
-2.347229 	 -0.574363
-2.279971 	 -0.571103
-2.212493 	 -0.567043
-2.144811 	 -0.562181
-2.076941 	 -0.556515
-2.008900 	 -0.550044
-1.940705 	 -0.542767
-1.872372 	 -0.534684
-1.803917 	 -0.525794
-1.735358 	 -0.516096
-1.666711 	 -0.505591
-1.597992 	 -0.494279
-1.529219 	 -0.482161
-1.460407 	 -0.469237
-1.391574 	 -0.455509
-1.322736 	 -0.440978
-1.253910 	 -0.425645
-1.185113 	 -0.409514
-1.116360 	 -0.392585
-1.047669 	 -0.374862
-0.979055 	 -0.356347
-0.910537 	 -0.337044
-0.842129 	 -0.316955
-0.773848 	 -0.296084
-0.705711 	 -0.274436
-0.637733 	 -0.252014
-0.569931 	 -0.228822
-0.502322 	 -0.204866
-0.434921 	 -0.180150
-0.367743 	 -0.154679
-0.300806 	 -0.128460
-0.234124 	 -0.101496
-0.167714 	 -0.073796
-0.101590 	 -0.045364
-0.035769 	 -0.016207
0.029734 	 0.013668
0.094904 	 0.044254
0.159725 	 0.075544
0.224183 	 0.107531
0.288263 	 0.140206
0.351950 	 0.173562
0.415229 	 0.207591
0.478085 	 0.242284
0.540506 	 0.277633
0.602475 	 0.313629
0.663979 	 0.350262
0.725005 	 0.387523
0.785537 	 0.425403
0.845564 	 0.463892
0.905071 	 0.502980
0.964044 	 0.542657
1.022472 	 0.582912
1.080341 	 0.623735
1.137638 	 0.665115
1.194350 	 0.707040
1.250466 	 0.749501
1.305973 	 0.792484
1.360860 	 0.835979
1.415113 	 0.879974
1.468722 	 0.924456
1.521676 	 0.969415
1.573963 	 1.014836
1.625572 	 1.060708
1.676493 	 1.107019
1.726715 	 1.153754
1.776227 	 1.200902
1.825020 	 1.248448
1.873084 	 1.296381
1.920409 	 1.344685
1.966986 	 1.393348
2.012805 	 1.442356
2.057858 	 1.491695
2.102136 	 1.541350
2.145631 	 1.591308
2.188334 	 1.641555
2.230237 	 1.692075
2.271333 	 1.742855
2.311614 	 1.793880
2.351074 	 1.845134
2.389704 	 1.896604
2.427499 	 1.948274
2.464452 	 2.000129
2.500557 	 2.052154
2.535808 	 2.104334
2.570200 	 2.156654
2.603726 	 2.209097
2.636382 	 2.261649
2.668164 	 2.314294
2.699066 	 2.367017
2.729084 	 2.419801
2.758214 	 2.472632
2.786453 	 2.525493
2.813796 	 2.578369
2.840242 	 2.631244
2.865786 	 2.684102
2.890427 	 2.736927
2.914161 	 2.789703
2.936988 	 2.842414
2.958904 	 2.895044
2.979908 	 2.947579
3.000000 	 3.000000
3.019178 	 3.052293
3.037441 	 3.104441
3.054790 	 3.156430
3.071223 	 3.208241
3.086741 	 3.259861
3.101345 	 3.311272
3.115035 	 3.362460
3.127812 	 3.413408
3.139677 	 3.464100
3.150633 	 3.514521
3.160680 	 3.564655
3.169820 	 3.614487
3.178057 	 3.664001
3.185392 	 3.713180
3.191829 	 3.762011
3.197370 	 3.810478
3.202020 	 3.858565
3.205782 	 3.906256
3.208659 	 3.953538
3.210656 	 4.000395
3.211778 	 4.046812
3.212029 	 4.092774
3.211415 	 4.138267
3.209940 	 4.183275
3.207610 	 4.227785
3.204431 	 4.271782
3.200408 	 4.315251
3.195549 	 4.358179
3.189860 	 4.400552
3.183347 	 4.442356
3.176018 	 4.483576
3.167879 	 4.524201
3.158939 	 4.564215
3.149205 	 4.603606
3.138685 	 4.642360
3.127387 	 4.680466
3.115320 	 4.717909
3.102492 	 4.754677
3.088913 	 4.790758
3.074590 	 4.826140
3.059535 	 4.860811
3.043756 	 4.894758
3.027263 	 4.927969
3.010065 	 4.960434
2.992174 	 4.992141
2.973600 	 5.023079
2.954352 	 5.053237
2.934443 	 5.082604
2.913882 	 5.111170
2.892681 	 5.138924
2.870852 	 5.165856
2.848405 	 5.191957
2.825353 	 5.217216
2.801707 	 5.241625
2.777479 	 5.265174
2.752683 	 5.287854
2.727329 	 5.309657
2.701430 	 5.330573
2.675000 	 5.350595
2.648050 	 5.369715
2.620595 	 5.387924
2.592646 	 5.405216
2.564218 	 5.421583
2.535323 	 5.437019
2.505976 	 5.451515
2.476189 	 5.465066
2.445977 	 5.477665
2.415353 	 5.489307
2.384332 	 5.499986
2.352927 	 5.509696
2.321152 	 5.518432
2.289022 	 5.526189
2.256552 	 5.532963
2.223756 	 5.538748
2.190647 	 5.543541
2.157242 	 5.547339
2.123554 	 5.550136
2.089599 	 5.551931
2.055391 	 5.552720
2.020945 	 5.552499
1.986276 	 5.551268
1.951399 	 5.549023
1.916329 	 5.545763
1.881081 	 5.541486
1.845671 	 5.536191
1.810113 	 5.529876
1.774423 	 5.522540
1.738616 	 5.514184
1.702706 	 5.504807
1.666711 	 5.494409
1.630644 	 5.482990
1.594520 	 5.470551
1.558356 	 5.457093
1.522166 	 5.442617
1.485966 	 5.427124
1.449770 	 5.410617
1.413595 	 5.393096
1.377454 	 5.374566
1.341364 	 5.355027
1.305340 	 5.334483
1.269396 	 5.312938
1.233547 	 5.290394
1.197808 	 5.266855
1.162195 	 5.242325
1.126723 	 5.216809
1.091405 	 5.190311
1.056257 	 5.162835
1.021293 	 5.134387
0.986528 	 5.104973
0.951977 	 5.074597
0.917653 	 5.043266
0.883572 	 5.010986
0.849747 	 4.977763
0.816192 	 4.943604
0.782922 	 4.908516
0.749950 	 4.872505
0.717291 	 4.835580
0.684957 	 4.797749
0.652962 	 4.759018
0.621320 	 4.719397
0.590045 	 4.678893
0.559148 	 4.637516
0.528644 	 4.595274
0.498544 	 4.552176
0.468863 	 4.508233
0.439612 	 4.463453
0.410803 	 4.417847
0.382450 	 4.371424
0.354564 	 4.324195
0.327157 	 4.276171
0.300240 	 4.227362
0.273826 	 4.177779
0.247926 	 4.127433
0.222550 	 4.076336
0.197711 	 4.024500
0.173418 	 3.971936
0.149683 	 3.918657
0.126516 	 3.864674
0.103927 	 3.810000
0.081927 	 3.754647
0.060524 	 3.698629
0.039729 	 3.641958
0.019551 	 3.584648
0.000000 	 3.526712
-0.018916 	 3.468162
-0.037188 	 3.409014
-0.054807 	 3.349281
-0.071766 	 3.288977
-0.088055 	 3.228115
-0.103667 	 3.166711
-0.118595 	 3.104778
-0.132831 	 3.042332
-0.146368 	 2.979386
-0.159199 	 2.915957
-0.171317 	 2.852058
-0.182716 	 2.787706
-0.193390 	 2.722914
-0.203332 	 2.657699
-0.212538 	 2.592076
-0.221002 	 2.526060
-0.228718 	 2.459668
-0.235682 	 2.392915
-0.241888 	 2.325816
-0.247334 	 2.258388
-0.252014 	 2.190647
-0.255924 	 2.122609
-0.259062 	 2.054290
-0.261423 	 1.985707
-0.263005 	 1.916875
-0.263805 	 1.847811
-0.263820 	 1.778531
-0.263048 	 1.709053
-0.261488 	 1.639392
-0.259136 	 1.569565
-0.255993 	 1.499588
-0.252056 	 1.429479
-0.247325 	 1.359254
-0.241799 	 1.288930
-0.235478 	 1.218523
-0.228361 	 1.148050
-0.220450 	 1.077528
-0.211744 	 1.006974
-0.202244 	 0.936404
-0.191951 	 0.865834
-0.180866 	 0.795283
-0.168992 	 0.724766
-0.156329 	 0.654300
-0.142880 	 0.583901
-0.128647 	 0.513587
-0.113633 	 0.443374
-0.097841 	 0.373278
-0.081273 	 0.303316
-0.063934 	 0.233504
-0.045827 	 0.163859
-0.026956 	 0.094397
-0.007326 	 0.025134
0.013060 	 -0.043914
0.034196 	 -0.112730
0.056078 	 -0.181298
0.078700 	 -0.249603
0.102056 	 -0.317629
0.126141 	 -0.385360
0.150949 	 -0.452780
0.176473 	 -0.519874
0.202708 	 -0.586626
0.229645 	 -0.653021
0.257278 	 -0.719044
0.285600 	 -0.784680
0.314603 	 -0.849913
0.344280 	 -0.914729
0.374621 	 -0.979113
0.405620 	 -1.043051
0.437268 	 -1.106528
0.469555 	 -1.169530
0.502474 	 -1.232043
0.536014 	 -1.294052
0.570167 	 -1.355545
0.604922 	 -1.416507
0.640270 	 -1.476924
0.676201 	 -1.536784
0.712705 	 -1.596074
0.749771 	 -1.654780
0.787388 	 -1.712889
0.825546 	 -1.770390
0.864234 	 -1.827269
0.903440 	 -1.883515
0.943152 	 -1.939115
0.983360 	 -1.994057
1.024051 	 -2.048331
1.065214 	 -2.101924
1.106836 	 -2.154825
1.148904 	 -2.207024
1.191407 	 -2.258510
1.234331 	 -2.309272
1.277664 	 -2.359299
1.321393 	 -2.408582
1.365505 	 -2.457111
1.409985 	 -2.504876
1.454822 	 -2.551867
1.500000 	 -2.598076
1.545507 	 -2.643494
1.591328 	 -2.688112
1.637450 	 -2.731921
1.683859 	 -2.774913
1.730539 	 -2.817081
1.777477 	 -2.858416
1.824659 	 -2.898911
1.872069 	 -2.938559
1.919693 	 -2.977354
1.967516 	 -3.015287
2.015524 	 -3.052354
2.063701 	 -3.088547
2.112032 	 -3.123861
2.160503 	 -3.158290
2.209097 	 -3.191829
2.257800 	 -3.224473
2.306596 	 -3.256216
2.355470 	 -3.287055
2.404407 	 -3.316985
2.453390 	 -3.346002
2.502405 	 -3.374102
2.551435 	 -3.401282
2.600465 	 -3.427539
2.649480 	 -3.452869
2.698463 	 -3.477271
2.747399 	 -3.500741
2.796272 	 -3.523277
2.845066 	 -3.544879
2.893766 	 -3.565544
2.942356 	 -3.585271
2.990819 	 -3.604059
3.039141 	 -3.621908
3.087306 	 -3.638816
3.135296 	 -3.654784
3.183098 	 -3.669813
3.230695 	 -3.683902
3.278072 	 -3.697052
3.325212 	 -3.709264
3.372101 	 -3.720540
3.418722 	 -3.730880
3.465061 	 -3.740288
3.511101 	 -3.748764
3.556827 	 -3.756312
3.602225 	 -3.762933
3.647278 	 -3.768632
3.691972 	 -3.773410
3.736291 	 -3.777272
3.780221 	 -3.780221
3.823745 	 -3.782261
3.866851 	 -3.783396
3.909522 	 -3.783632
3.951744 	 -3.782972
3.993503 	 -3.781422
4.034784 	 -3.778988
4.075573 	 -3.775674
4.115855 	 -3.771486
4.155616 	 -3.766431
4.194843 	 -3.760515
4.233522 	 -3.753745
4.271639 	 -3.746127
4.309180 	 -3.737668
4.346131 	 -3.728376
4.382481 	 -3.718258
4.418215 	 -3.707323
4.453321 	 -3.695577
4.487785 	 -3.683030
4.521596 	 -3.669690
4.554740 	 -3.655566
4.587206 	 -3.640666
4.618981 	 -3.624999
4.650053 	 -3.608576
4.680411 	 -3.591406
4.710043 	 -3.573498
4.738938 	 -3.554863
4.767084 	 -3.535511
4.794471 	 -3.515451
4.821087 	 -3.494696
4.846922 	 -3.473256
4.871967 	 -3.451141
4.896210 	 -3.428363
4.919641 	 -3.404933
4.942251 	 -3.380864
4.964031 	 -3.356166
4.984971 	 -3.330851
5.005063 	 -3.304933
5.024296 	 -3.278422
5.042663 	 -3.251332
5.060156 	 -3.223675
5.076766 	 -3.195463
5.092485 	 -3.166711
5.107306 	 -3.137430
5.121221 	 -3.107633
5.134224 	 -3.077335
5.146307 	 -3.046549
5.157463 	 -3.015288
5.167687 	 -2.983566
5.176973 	 -2.951396
5.185313 	 -2.918794
5.192703 	 -2.885772
5.199138 	 -2.852345
5.204612 	 -2.818527
5.209120 	 -2.784333
5.212659 	 -2.749777
5.215223 	 -2.714873
5.216809 	 -2.679637
5.217413 	 -2.644083
5.217031 	 -2.608225
5.215661 	 -2.572079
5.213299 	 -2.535660
5.209943 	 -2.498982
5.205590 	 -2.462061
5.200239 	 -2.424911
5.193887 	 -2.387548
5.186533 	 -2.349988
5.178176 	 -2.312244
5.168815 	 -2.274333
5.158449 	 -2.236270
5.147078 	 -2.198070
5.134702 	 -2.159748
5.121320 	 -2.121320
